595 1737 263
4 9 10 11 13 14 17 20 24 27 28 29 30 31 33 35 37 48 49 53 55 56 57 59 60 64 66 67 68 70 71 74 75 76 78 81 82 88 89 90 91 92 97 100 101 102 104 110 111 114 116 118 119 120 122 123 124 128 133 134 136 138 139 140 143 145 154 155 157 158 159 162 163 165 166 168 172 173 174 176 178 180 181 182 183 184 185 194 196 198 203 204 208 211 214 217 220 221 222 224 226 227 237 238 241 242 245 246 247 250 251 256 257 258 261 263 265 268 269 270 274 277 280 281 282 283 286 288 289 290 291 294 295 296 298 301 304 305 307 308 309 310 311 313 321 322 327 329 331 333 334 335 338 345 346 351 353 355 356 359 362 363 364 366 367 372 373 375 376 377 380 381 383 384 385 386 388 391 394 396 399 401 402 411 413 414 415 417 419 420 423 425 427 429 432 433 435 436 437 438 443 447 448 450 455 457 458 459 461 462 468 469 470 471 477 479 484 487 488 489 490 492 493 494 498 504 505 507 508 509 511 514 518 521 522 523 524 525 530 531 537 538 540 545 553 554 556 558 559 566 567 570 571 572 574 578 583 586 587 589 592 593 595
1 2 34
1 3 8
1 4 18
1 5 40
1 6 47
1 9 25
1 12 39
1 17 25
1 20 15
1 25 44
1 46 30
1 60 33
1 72 1
1 277 8
1 368 19
1 472 32
1 512 45
2 3 31
2 7 2
2 11 1
2 12 24
2 14 24
2 30 6
2 35 15
2 42 42
2 49 47
2 60 48
2 62 30
2 66 40
2 67 32
2 145 23
2 171 41
2 188 34
2 317 22
2 421 12
3 4 29
3 6 7
3 8 31
3 13 41
3 15 33
3 19 25
3 34 20
3 36 47
3 56 10
3 63 26
3 108 37
3 111 7
3 281 43
3 307 34
4 5 1
4 6 28
4 15 3
4 20 13
4 23 25
4 27 31
4 31 46
4 37 29
4 68 7
4 104 12
4 111 22
4 115 39
4 236 39
4 460 24
4 578 3
5 6 45
5 7 9
5 11 38
5 17 46
5 38 46
5 90 43
5 102 39
5 321 2
5 324 23
5 422 31
6 9 41
6 10 2
6 11 20
6 12 43
6 13 8
6 14 22
6 15 23
6 19 37
6 219 8
6 508 11
7 9 20
7 13 23
7 17 42
7 28 33
7 30 43
7 138 38
7 370 25
8 13 46
8 14 12
8 17 14
8 19 32
8 23 7
8 41 4
8 48 34
8 79 47
8 83 39
8 98 28
8 143 39
8 300 37
8 356 19
8 439 17
9 14 36
9 26 47
9 46 15
9 47 19
9 63 4
9 66 39
9 146 44
9 190 34
9 258 49
9 354 22
10 12 27
10 28 35
10 32 34
10 41 27
10 91 5
10 177 43
10 216 10
10 262 9
10 426 41
10 459 49
10 517 45
11 15 7
11 20 43
11 47 42
11 112 50
11 166 16
11 212 28
11 220 43
11 223 41
11 235 34
11 418 27
11 513 25
12 20 24
12 23 47
12 35 43
12 39 44
12 40 37
12 42 21
12 103 1
12 116 16
12 140 22
12 204 7
12 206 43
12 268 24
12 320 14
12 377 41
12 380 12
12 417 16
13 22 48
13 29 29
13 31 18
13 35 15
13 37 34
13 116 9
13 152 6
13 287 20
13 325 16
13 505 49
14 30 5
14 31 9
14 33 48
14 38 36
14 73 10
14 107 24
14 119 17
14 130 40
14 177 45
14 179 1
14 191 18
14 280 2
14 314 1
14 366 13
15 16 7
15 17 8
15 24 17
15 28 39
15 29 13
15 44 2
15 66 18
15 91 10
15 118 24
15 192 8
15 228 50
15 384 17
15 455 46
15 499 48
16 23 24
16 29 14
16 56 18
16 80 28
16 105 36
16 116 26
16 140 24
16 188 48
16 204 22
16 270 16
16 282 49
16 291 9
16 338 50
16 352 4
17 18 47
17 21 49
17 25 43
17 38 36
17 42 45
17 47 19
17 101 6
17 126 8
17 131 24
17 161 21
17 252 19
17 270 33
17 397 28
17 426 48
17 566 16
18 20 32
18 23 22
18 26 17
18 45 3
18 49 34
18 83 7
18 313 40
18 318 38
18 545 44
19 21 7
19 31 11
19 34 12
19 35 47
19 48 46
19 56 48
19 69 10
19 288 14
19 378 37
19 407 27
20 24 48
20 32 31
20 34 15
20 44 38
20 46 5
20 50 48
20 58 50
20 77 6
20 86 18
20 138 13
20 179 20
20 293 43
20 294 28
20 314 9
20 383 47
20 556 32
21 25 39
21 33 14
21 41 17
21 54 9
21 71 6
21 91 24
21 107 9
21 138 36
21 165 21
22 34 43
22 98 13
22 336 28
22 380 14
22 390 35
23 27 23
23 33 35
23 36 1
23 56 34
23 65 24
23 66 10
23 107 15
23 113 47
23 118 38
23 171 17
23 261 46
24 37 12
24 38 30
24 39 17
24 107 16
24 169 13
24 171 40
24 176 24
24 192 22
24 194 22
24 248 39
24 279 47
24 436 10
24 519 5
25 27 32
25 30 13
25 51 49
25 58 11
25 83 31
25 98 24
25 104 47
25 139 13
25 260 24
25 325 12
25 366 20
26 33 3
26 53 46
26 115 32
26 165 38
26 168 50
26 257 34
26 298 10
26 304 48
26 351 45
26 381 12
27 32 16
27 33 1
27 42 25
27 43 2
27 93 36
27 212 18
27 219 36
27 377 20
27 555 3
28 31 19
28 58 46
28 234 5
28 347 46
29 34 37
29 47 1
29 53 46
29 95 8
29 97 5
29 101 10
29 252 4
29 309 22
29 431 49
30 43 9
30 55 46
30 96 48
30 444 4
30 577 23
31 36 43
31 42 19
31 58 25
31 73 49
31 192 4
31 224 25
31 225 47
31 277 5
31 312 3
32 89 45
32 115 41
32 200 44
32 220 16
33 43 32
33 52 16
33 70 30
33 85 6
33 138 10
33 162 23
33 346 26
33 583 50
34 63 1
34 117 11
34 253 34
34 311 6
34 350 47
34 441 3
34 537 8
35 37 4
35 38 1
35 55 15
35 65 2
35 78 10
35 140 38
35 162 21
35 215 19
35 227 38
35 308 7
35 321 21
35 383 33
36 44 19
36 53 13
36 61 30
36 68 39
36 79 12
36 158 29
36 184 6
36 241 41
36 334 14
36 471 42
37 46 35
37 113 28
37 152 22
37 210 8
37 249 5
37 261 50
37 448 19
37 517 31
38 39 45
38 41 25
38 47 37
38 51 9
38 114 12
38 125 31
38 145 12
38 149 36
38 207 23
38 244 19
38 245 40
38 487 17
38 492 26
38 529 9
39 73 45
39 94 25
39 326 25
39 437 33
40 87 10
40 217 6
40 281 20
40 369 32
40 483 35
41 130 8
41 160 32
41 189 34
41 333 16
41 510 22
41 563 7
42 46 43
42 82 2
42 84 21
42 99 33
42 143 48
42 185 27
42 186 4
42 516 13
43 60 34
43 71 33
43 78 1
43 82 25
43 87 25
43 135 18
43 139 41
44 51 48
44 91 25
44 104 26
44 132 32
44 264 34
44 539 15
45 124 10
45 228 19
46 75 37
46 81 2
46 105 23
46 255 49
46 259 25
46 267 50
46 309 18
47 65 14
47 96 47
47 145 19
47 208 33
47 229 34
47 271 14
47 282 28
47 378 38
47 538 39
48 89 10
48 118 29
48 154 30
48 426 45
48 473 49
48 482 16
48 523 19
49 217 17
49 248 32
49 303 46
49 393 26
49 506 29
49 545 48
50 52 6
50 113 42
50 188 26
50 274 34
50 286 10
50 461 24
50 499 46
50 579 50
51 52 18
51 56 3
51 74 28
51 76 50
51 92 33
51 103 20
51 215 46
51 369 9
52 54 8
52 57 47
52 63 9
52 64 50
52 114 8
52 153 29
52 218 3
52 283 27
52 289 2
52 347 37
52 470 42
52 583 4
53 57 19
53 103 48
53 126 15
53 160 44
53 272 48
53 493 47
53 566 13
54 69 13
54 147 42
54 191 9
54 294 29
54 352 46
55 81 29
55 149 18
55 181 21
56 65 44
56 69 13
56 94 32
56 174 3
56 187 9
56 416 27
57 59 48
57 174 32
57 291 2
57 348 8
57 393 24
57 397 6
58 75 28
58 87 2
58 128 25
58 377 9
58 392 9
58 543 1
59 189 23
59 333 16
59 401 18
60 75 29
60 120 11
60 136 15
60 266 26
60 344 18
60 372 16
60 400 23
61 98 24
61 116 18
61 159 33
61 230 33
61 306 14
61 436 39
61 500 48
61 532 33
62 125 37
63 89 14
63 121 22
63 162 9
63 201 39
63 237 43
63 272 48
64 71 40
64 130 46
64 133 50
64 150 14
64 176 11
64 190 18
64 209 33
64 329 41
65 76 20
65 403 31
65 559 4
66 70 36
66 72 6
66 117 28
66 124 7
66 127 6
66 151 36
66 287 18
66 304 28
66 341 36
66 502 2
67 69 21
67 89 15
67 97 45
67 111 34
67 157 40
67 241 13
67 248 25
67 253 19
67 325 47
67 390 22
67 413 9
67 464 33
68 75 6
68 77 37
68 87 41
68 99 14
68 115 11
68 199 9
68 203 2
68 437 7
68 519 41
69 98 47
69 106 16
69 127 18
69 275 4
69 346 32
70 71 46
70 84 9
70 130 23
70 145 34
70 242 17
70 245 35
70 507 13
70 556 37
71 104 26
71 138 1
71 405 26
71 510 39
72 80 25
72 96 49
72 105 11
72 213 45
72 289 25
72 531 10
72 554 17
73 79 33
73 97 11
73 124 43
73 127 22
73 167 32
73 173 14
73 231 38
74 75 19
74 82 16
74 96 15
74 146 45
74 161 13
74 575 7
75 86 10
75 191 16
75 201 24
75 202 25
75 207 46
75 236 10
75 339 27
75 489 46
75 542 15
76 90 12
76 122 10
76 127 9
76 147 46
76 172 19
76 506 14
77 83 33
77 88 39
77 134 27
77 140 31
77 171 10
77 192 24
77 225 19
77 306 41
78 94 10
78 117 13
78 168 14
78 294 39
78 362 16
78 363 13
78 485 3
78 578 32
79 83 48
79 152 39
79 332 46
80 86 50
80 123 10
80 417 30
81 93 45
81 100 30
81 191 24
81 210 31
81 218 49
81 392 11
81 407 32
81 449 45
81 495 13
82 91 37
82 104 4
82 131 13
82 143 22
82 163 12
82 169 1
82 174 13
82 201 1
82 299 41
82 343 44
82 493 24
83 94 21
83 186 38
83 209 2
83 266 42
83 311 29
83 363 9
83 388 29
84 103 46
84 180 5
84 194 16
84 305 49
84 337 5
84 394 25
84 455 29
84 489 23
85 129 44
85 200 8
85 581 16
86 114 25
86 117 32
86 125 18
86 291 48
86 365 41
86 528 10
87 110 43
87 155 19
87 239 16
87 447 4
88 99 24
88 310 10
88 525 25
89 107 30
89 171 7
89 208 14
89 470 7
89 524 19
90 119 35
90 130 29
90 272 10
90 290 33
90 297 17
91 174 19
91 345 45
91 474 14
91 512 5
91 583 11
92 127 14
92 229 24
92 239 1
92 554 1
93 149 22
93 199 37
93 221 20
94 121 31
94 215 28
94 290 40
94 530 46
94 588 49
95 111 8
95 214 32
95 225 19
95 256 27
95 283 50
95 455 4
95 500 13
96 110 20
96 148 29
96 157 26
96 485 18
97 101 33
97 119 14
97 182 17
97 238 41
97 293 43
97 315 43
97 431 40
97 569 19
97 588 32
98 125 18
98 139 7
98 142 15
98 261 19
98 348 2
98 416 28
99 109 4
99 151 40
99 261 12
99 411 37
99 514 37
100 108 27
100 161 18
100 199 11
100 254 49
100 550 4
101 166 25
101 214 29
101 226 49
101 416 24
102 108 16
102 109 46
102 155 44
102 166 37
102 176 26
102 212 39
102 283 43
102 292 18
102 317 5
102 536 22
103 250 41
103 260 33
103 354 33
104 112 46
104 180 34
104 224 45
104 303 49
104 372 22
104 502 48
105 124 20
105 149 5
105 182 47
105 231 33
105 244 44
105 342 43
106 214 49
106 279 22
106 331 17
106 450 10
107 109 36
107 135 44
107 175 17
107 254 36
107 314 31
108 175 5
108 331 31
109 160 36
110 129 41
110 299 14
110 436 4
111 133 31
111 146 40
111 152 34
111 187 13
111 204 18
111 219 25
111 334 35
112 117 16
112 294 49
112 373 41
112 446 44
113 137 38
113 468 8
114 224 44
114 267 41
114 284 17
114 313 45
114 319 16
114 418 40
115 153 3
115 290 4
116 135 49
116 236 1
117 133 41
117 142 44
117 168 28
117 270 43
117 504 50
118 164 17
118 243 40
118 452 48
118 467 31
118 563 28
119 153 23
119 239 2
119 251 49
119 264 50
119 284 28
119 410 15
120 143 15
120 172 18
120 197 42
120 412 6
121 128 21
121 141 50
121 157 9
121 177 32
121 260 19
121 271 11
121 431 9
121 536 28
121 581 26
122 128 42
122 154 8
122 159 47
122 207 45
122 213 16
122 302 13
122 374 50
122 429 3
123 313 45
123 402 9
123 442 23
123 532 11
124 258 9
124 292 25
124 295 27
124 314 30
125 169 30
125 429 21
125 459 40
126 145 44
126 365 50
126 527 5
127 166 11
127 357 9
127 402 35
127 413 12
127 531 49
128 179 33
128 185 36
128 240 25
128 361 36
129 143 25
129 169 31
129 375 50
129 396 35
129 404 31
130 155 30
130 205 22
130 281 45
130 467 10
130 503 31
131 134 6
131 144 20
131 164 3
131 307 21
131 313 13
131 506 39
131 537 16
132 193 24
132 278 6
132 339 34
132 369 43
133 177 19
133 330 10
133 410 38
133 419 30
134 232 42
134 445 7
134 581 40
135 222 16
135 306 14
135 382 31
135 427 50
135 433 18
135 560 43
136 163 1
136 174 19
136 328 43
136 395 27
137 216 50
137 220 5
137 225 33
137 229 20
137 448 2
137 465 23
138 150 9
138 166 38
138 560 13
139 156 9
139 315 29
139 375 46
139 378 3
139 387 29
140 176 40
140 219 43
140 231 14
140 275 6
140 575 37
141 155 27
141 211 50
141 266 23
141 332 40
141 392 2
142 157 37
142 197 34
142 207 10
142 494 43
143 197 32
143 229 8
143 273 38
143 298 38
143 305 42
143 324 28
143 371 12
143 402 21
143 411 2
143 536 38
143 575 46
144 344 41
144 367 2
144 370 20
144 569 12
145 159 40
145 399 35
146 190 47
146 338 31
147 163 47
147 212 31
147 353 24
147 428 2
148 162 2
148 387 7
148 513 16
148 580 39
149 276 32
149 343 25
149 425 9
150 288 35
150 301 25
150 385 16
150 403 30
150 424 43
150 539 25
151 218 9
151 224 30
151 343 21
152 219 2
152 291 33
152 316 26
152 549 2
153 231 28
153 276 32
153 324 14
153 347 12
153 372 3
153 402 45
153 488 17
154 164 47
154 176 31
154 227 30
155 170 17
155 178 16
155 193 11
155 321 17
156 170 20
156 200 4
156 253 33
156 327 50
156 511 18
156 584 27
157 163 14
157 360 10
157 514 40
157 548 19
158 195 16
158 213 50
158 241 30
158 355 23
158 445 1
158 450 29
158 576 11
159 180 28
159 523 36
160 239 2
160 289 47
160 337 13
160 366 15
160 441 45
160 485 44
160 523 48
161 203 37
161 204 35
161 267 42
162 493 22
163 207 34
163 209 35
163 212 21
163 278 1
163 314 33
163 472 29
163 571 4
164 282 50
164 382 22
164 419 41
164 555 12
165 267 17
165 405 50
165 552 50
165 572 2
165 588 8
166 260 50
166 292 42
166 302 28
166 430 5
166 502 47
166 575 11
167 239 9
167 329 45
167 423 23
168 191 45
168 346 46
168 418 33
169 254 26
169 269 15
169 424 43
170 249 46
170 401 10
170 461 18
171 237 15
171 293 28
171 296 2
171 310 8
171 412 49
172 259 8
172 377 38
173 259 39
173 329 16
173 507 10
174 252 40
174 291 29
174 417 6
175 273 17
175 281 11
175 290 34
175 297 46
175 339 5
175 378 10
175 411 19
176 183 36
176 283 17
176 356 47
176 369 31
176 529 3
177 217 36
177 277 20
177 335 33
178 217 34
178 474 24
178 520 1
179 241 41
179 302 8
179 323 17
179 332 33
179 501 1
179 516 11
180 246 6
180 494 30
180 524 31
180 530 2
181 403 26
182 196 46
182 256 30
182 281 41
182 323 15
182 382 14
182 516 21
183 188 33
183 244 36
183 304 3
183 367 16
183 368 39
183 549 4
183 563 47
184 194 17
184 237 41
184 247 28
184 354 19
184 359 8
184 448 15
184 464 6
184 479 4
184 551 3
185 188 18
186 235 23
186 328 22
186 385 35
186 387 21
187 200 6
187 226 28
187 303 6
187 337 6
187 371 40
187 414 39
187 423 15
188 556 48
190 198 7
190 218 43
190 371 39
190 418 49
190 585 40
191 353 7
191 387 36
192 318 15
192 321 15
192 380 38
192 483 14
193 308 37
193 443 3
193 586 17
194 287 25
194 466 3
194 551 44
195 312 23
195 342 19
195 530 18
196 346 5
196 387 26
196 459 44
197 202 32
197 228 15
198 545 1
199 228 34
199 245 27
199 249 1
199 287 14
200 208 17
200 236 29
200 337 36
201 263 11
201 264 22
201 295 41
201 340 23
201 352 4
201 382 33
201 384 35
201 424 45
201 566 25
202 208 12
202 217 4
202 253 22
202 468 42
203 218 27
203 297 33
203 468 4
204 213 44
204 227 45
204 243 35
204 320 4
204 380 13
204 574 49
204 580 41
204 592 40
204 593 21
205 236 2
205 243 41
205 358 32
206 343 10
206 390 14
207 439 20
208 214 14
208 430 19
209 282 17
209 305 49
209 318 17
209 531 19
210 260 37
210 330 19
210 520 25
212 228 17
212 545 8
212 563 3
213 379 17
213 449 6
213 509 30
214 220 14
214 246 19
214 263 35
214 386 34
215 232 8
215 311 5
215 331 41
215 420 23
215 426 50
215 499 1
215 555 47
216 220 43
216 233 38
217 241 25
217 259 32
217 308 9
217 398 20
218 384 20
220 310 36
220 330 4
220 575 20
221 376 1
221 430 34
221 586 4
222 287 41
222 356 22
222 358 34
222 414 42
222 461 1
222 471 7
223 265 27
223 516 20
223 572 38
224 242 5
224 371 18
224 591 43
225 237 23
225 286 37
226 233 13
226 399 17
227 247 15
227 298 33
227 352 38
227 556 43
228 237 22
229 273 42
229 285 40
229 391 9
229 409 40
230 244 13
230 358 10
230 468 10
232 436 38
233 258 26
233 308 7
233 363 15
233 392 24
233 481 21
234 310 19
234 327 32
234 353 16
234 354 23
234 376 47
234 488 17
235 285 7
235 327 29
236 315 16
237 305 28
237 471 44
238 259 17
238 438 9
241 342 27
242 292 15
242 310 24
242 466 20
242 474 12
243 250 50
243 258 11
243 308 40
243 518 40
244 252 13
244 434 30
245 536 23
245 567 5
246 330 20
246 415 11
246 509 45
247 383 5
247 424 6
247 522 3
248 253 4
248 331 50
248 385 7
248 386 36
248 412 31
248 491 42
248 533 3
248 591 41
249 267 8
249 269 23
249 348 27
249 362 36
249 398 2
249 515 11
250 335 46
250 489 21
250 494 29
251 266 4
251 299 7
252 285 6
252 355 49
252 511 1
253 288 14
253 406 23
253 543 6
254 283 7
255 368 38
255 433 13
255 495 24
257 447 11
257 513 16
258 375 39
259 407 38
260 322 48
260 424 17
260 438 2
260 501 30
260 554 32
261 411 21
261 499 28
262 389 48
262 480 31
263 304 24
263 339 26
264 315 38
264 452 47
265 276 32
265 360 27
265 365 43
265 451 15
266 311 19
266 340 22
266 517 40
267 338 38
267 340 48
267 355 20
268 405 26
269 473 19
270 406 33
270 504 50
271 367 28
271 479 39
272 277 26
272 329 41
272 447 26
273 337 37
274 491 38
275 486 21
275 500 37
275 566 31
276 400 37
276 450 32
277 284 47
277 446 33
279 284 45
279 318 23
279 358 14
281 290 17
281 454 11
281 469 4
282 319 45
282 585 31
283 385 2
283 436 18
283 587 14
284 350 8
284 505 37
285 365 47
286 437 8
287 556 26
288 331 6
288 344 36
288 374 42
288 511 46
290 510 9
291 386 18
292 297 49
292 414 28
292 446 17
292 514 19
292 581 5
293 295 23
293 336 36
295 307 49
295 338 34
295 509 15
296 580 24
297 320 27
297 430 6
298 472 12
299 320 28
299 580 47
300 376 17
300 426 27
300 466 15
301 463 37
301 544 1
302 431 18
303 365 29
303 442 21
303 486 2
304 305 7
304 340 11
304 390 5
304 397 16
304 449 48
305 418 47
305 544 9
306 491 26
306 495 6
307 349 33
307 353 8
307 581 11
308 498 17
309 364 13
309 405 2
309 515 18
310 315 30
310 333 5
310 420 42
311 362 40
311 529 18
311 535 37
311 588 46
312 409 21
314 452 19
314 502 38
315 362 48
315 372 34
316 370 17
317 356 42
318 371 32
319 320 36
320 344 46
320 473 23
322 408 10
322 462 48
323 571 2
324 339 7
324 497 27
326 336 6
327 368 4
327 477 21
328 548 24
330 469 35
330 544 23
331 368 41
331 553 8
332 442 38
332 580 44
334 518 41
336 559 3
337 381 42
338 422 43
338 485 18
339 411 46
339 517 35
339 530 29
340 354 45
340 445 46
340 541 11
341 422 49
342 549 36
343 445 11
344 360 7
345 347 18
345 417 44
345 484 12
346 531 16
346 559 2
347 435 47
347 472 14
347 473 31
348 377 42
348 547 33
349 358 34
349 398 36
349 498 38
350 407 25
351 402 45
351 405 34
351 507 35
351 589 5
351 595 22
352 460 36
352 466 4
353 459 43
353 594 1
354 391 3
354 531 29
355 439 10
355 498 26
355 538 1
356 558 11
357 442 4
358 393 19
358 462 31
358 488 4
362 407 10
362 468 23
364 384 7
364 560 12
365 427 29
365 455 3
365 466 42
368 534 18
369 419 7
369 540 39
370 423 28
371 378 24
373 440 42
375 482 38
375 491 12
378 476 1
378 532 14
378 570 8
379 494 22
380 386 40
380 430 6
380 559 15
382 438 48
382 587 22
384 507 13
386 409 46
388 571 15
389 537 37
390 452 6
390 484 22
390 498 42
391 413 35
391 416 28
391 419 50
391 459 15
391 460 30
392 525 38
393 446 9
393 494 35
393 543 24
394 417 50
394 541 13
394 582 3
395 443 4
397 408 25
400 419 32
400 452 5
400 526 46
400 546 5
402 486 37
403 414 21
403 441 20
404 574 3
405 438 35
407 573 10
409 416 1
409 456 28
409 479 27
409 480 2
410 510 34
411 412 30
411 516 47
413 449 10
413 470 23
413 471 45
414 458 36
417 476 14
418 584 14
419 555 19
420 423 20
420 495 37
421 551 50
422 496 9
423 527 44
424 437 47
424 540 22
425 442 21
426 432 40
426 510 2
426 582 25
428 567 6
430 446 34
433 474 37
435 471 13
435 542 40
436 500 19
437 450 6
437 453 1
437 528 7
439 455 28
439 478 33
441 457 32
441 483 47
442 460 32
442 542 3
442 588 43
443 514 27
445 460 2
445 475 13
445 574 47
446 563 42
447 495 15
447 544 10
448 490 9
448 534 17
449 473 18
449 565 29
450 551 32
452 517 5
455 550 1
460 497 6
461 541 16
465 489 18
466 505 9
466 562 17
467 548 22
469 529 1
470 479 13
470 528 32
473 593 35
475 493 20
476 545 12
476 546 26
477 552 20
478 562 35
479 509 8
479 573 41
479 585 32
479 591 19
480 561 34
481 506 23
485 585 35
486 512 30
488 552 9
489 591 8
496 573 38
497 573 38
499 500 15
499 528 6
500 586 18
501 504 14
501 546 9
502 568 41
503 528 26
504 560 22
504 564 29
504 578 40
504 590 17
506 565 9
507 552 17
508 547 20
509 521 10
513 527 28
514 570 35
515 571 14
516 585 8
525 547 4
527 565 33
529 559 49
532 573 21
538 557 50
548 574 31
575 595 42
