993 2920 143
4 6 11 20 39 50 53 61 65 73 76 80 82 86 88 94 100 102 103 106 108 115 118 140 148 156 168 170 185 189 191 196 199 200 207 212 215 218 229 235 236 238 245 252 259 272 282 287 297 300 301 304 305 308 330 338 341 342 344 346 347 350 352 363 365 373 387 392 412 418 421 448 458 459 464 473 477 487 493 508 509 510 513 518 520 535 543 553 556 558 571 572 578 581 588 590 592 601 621 622 624 642 647 650 658 667 676 679 684 686 689 692 699 718 757 760 774 775 780 782 793 797 813 814 829 831 838 839 843 845 849 852 868 877 883 900 909 920 930 932 934 942 945
1 5 32
1 6 15
1 7 19
1 8 25
1 9 49
1 10 38
1 938 37
1 939 11
1 940 47
1 941 36
1 942 16
1 943 44
1 944 24
1 945 21
1 946 46
1 947 26
1 948 41
1 949 13
1 950 18
1 951 18
1 952 12
1 953 36
1 954 50
1 955 47
1 956 44
1 957 2
1 958 8
1 959 11
1 960 10
1 961 44
1 962 46
1 963 29
1 964 40
1 965 1
1 966 2
1 967 45
1 968 15
1 969 28
1 970 36
1 971 32
1 972 6
1 973 44
1 974 39
1 975 36
1 976 7
1 977 32
1 978 18
1 979 3
1 980 44
1 981 42
1 982 11
1 983 15
1 984 34
1 985 33
1 986 48
1 987 48
1 988 37
1 989 9
1 990 19
1 991 29
1 992 25
1 993 35
2 4 6
2 5 11
2 6 35
2 7 28
2 8 19
2 9 11
2 10 43
3 4 5
3 5 8
3 6 49
3 7 45
3 8 20
3 9 16
3 10 20
4 11 21
4 12 23
4 13 23
4 14 30
4 15 24
5 16 34
5 17 47
5 18 1
5 19 33
5 20 39
6 21 33
6 22 30
6 23 32
6 24 5
6 25 36
7 26 28
7 27 42
7 28 37
7 29 6
7 30 3
8 31 2
8 32 4
8 33 45
8 34 25
8 35 50
9 36 2
9 37 29
9 38 30
9 39 29
9 40 1
10 41 23
10 42 41
10 43 7
10 44 17
10 45 45
11 46 12
12 46 16
13 46 20
14 46 2
15 46 7
16 47 32
17 47 14
18 47 11
19 47 40
20 47 34
21 48 2
22 48 20
23 48 13
24 48 20
25 48 1
26 49 8
27 49 11
28 49 37
29 49 22
30 49 10
31 50 22
32 50 44
33 50 20
34 50 33
35 50 25
36 51 20
37 51 19
38 51 25
39 51 47
40 51 38
41 52 46
42 52 15
43 52 43
44 52 36
45 52 5
46 53 32
46 54 12
47 55 41
47 56 2
48 57 41
48 58 33
49 59 3
49 60 21
50 61 15
50 62 24
51 63 4
51 64 19
52 65 7
52 66 44
53 67 26
54 67 46
55 67 21
56 67 44
57 68 11
58 68 45
59 68 8
60 68 28
61 69 3
62 69 41
63 69 29
64 69 15
65 70 48
66 70 48
67 70 18
67 71 25
67 72 29
67 73 22
67 74 46
67 75 26
68 70 11
68 71 32
68 72 49
68 73 47
68 74 44
68 75 37
69 70 10
69 71 6
69 72 47
69 73 15
69 74 26
69 75 49
70 76 7
70 77 1
70 78 32
70 79 4
70 80 25
70 81 50
70 82 50
71 76 9
71 77 5
71 78 39
71 79 13
71 80 18
71 81 16
71 82 14
72 76 50
72 77 42
72 78 17
72 79 26
72 80 37
72 81 33
72 82 33
73 76 16
73 77 22
73 78 43
73 79 39
73 80 5
73 81 18
73 82 11
74 76 35
74 77 5
74 78 37
74 79 4
74 80 42
74 81 13
74 82 22
75 76 24
75 77 25
75 78 40
75 79 35
75 80 2
75 81 15
75 82 24
76 83 34
76 84 1
76 85 40
76 86 33
76 87 29
77 83 7
77 84 3
77 85 46
77 86 22
77 87 10
78 83 12
78 84 22
78 85 21
78 86 41
78 87 24
79 83 37
79 84 35
79 85 3
79 86 5
79 87 24
80 83 8
80 84 45
80 85 22
80 86 41
80 87 50
81 83 40
81 84 41
81 85 6
81 86 30
81 87 33
82 83 1
82 84 24
82 85 2
82 86 11
82 87 21
83 88 15
83 89 2
84 90 36
84 91 33
85 92 35
85 93 32
86 94 24
86 95 46
87 96 1
87 97 23
88 98 7
88 99 16
88 100 35
88 101 11
88 102 39
88 103 4
88 104 27
89 98 31
89 99 12
89 100 42
89 101 40
89 102 35
89 103 26
89 104 31
90 98 50
90 99 5
90 100 14
90 101 33
90 102 50
90 103 31
90 104 28
91 98 31
91 99 7
91 100 23
91 101 24
91 102 42
91 103 39
91 104 43
92 98 1
92 99 42
92 100 24
92 101 9
92 102 8
92 103 41
92 104 35
93 98 5
93 99 39
93 100 34
93 101 9
93 102 23
93 103 37
93 104 35
94 98 12
94 99 1
94 100 23
94 101 41
94 102 50
94 103 19
94 104 7
95 98 39
95 99 20
95 100 3
95 101 10
95 102 44
95 103 24
95 104 38
96 98 13
96 99 13
96 100 50
96 101 36
96 102 12
96 103 40
96 104 3
97 98 19
97 99 44
97 100 23
97 101 28
97 102 20
97 103 9
97 104 46
98 105 49
98 106 7
98 107 23
99 108 24
99 109 42
99 110 50
100 111 36
100 112 18
100 113 6
101 114 3
101 115 4
101 116 32
102 117 29
102 118 35
102 119 30
103 120 8
103 121 7
103 122 26
104 123 47
104 124 33
104 125 12
105 126 35
105 127 18
105 128 17
105 129 4
105 130 28
105 131 46
105 132 3
106 133 31
106 134 21
106 135 9
106 136 31
106 137 49
106 138 34
106 139 8
107 140 40
107 141 42
107 142 47
107 143 38
107 144 19
107 145 48
107 146 3
108 147 28
108 148 38
108 149 16
108 150 40
108 151 41
108 152 46
108 153 10
109 154 13
109 155 7
109 156 42
109 157 46
109 158 7
109 159 21
109 160 34
110 161 35
110 162 22
110 163 29
110 164 11
110 165 43
110 166 45
110 167 40
111 168 49
111 169 39
111 170 19
111 171 22
111 172 39
111 173 38
111 174 18
112 175 7
112 176 4
112 177 20
112 178 18
112 179 4
112 180 20
112 181 16
113 182 13
113 183 49
113 184 22
113 185 50
113 186 32
113 187 30
113 188 42
114 189 33
114 190 6
114 191 47
114 192 41
114 193 44
114 194 43
114 195 2
115 196 43
115 197 23
115 198 38
115 199 32
115 200 9
115 201 37
115 202 30
116 203 49
116 204 8
116 205 37
116 206 42
116 207 6
116 208 14
116 209 33
117 210 22
117 211 38
117 212 30
117 213 43
117 214 37
117 215 38
117 216 18
118 217 1
118 218 28
118 219 46
118 220 43
118 221 43
118 222 31
118 223 23
119 224 11
119 225 33
119 226 22
119 227 48
119 228 44
119 229 3
119 230 14
120 231 15
120 232 24
120 233 27
120 234 14
120 235 7
120 236 30
120 237 15
121 238 9
121 239 50
121 240 48
121 241 9
121 242 9
121 243 19
121 244 9
122 245 12
122 246 32
122 247 17
122 248 15
122 249 44
122 250 27
122 251 23
123 252 16
123 253 50
123 254 26
123 255 43
123 256 38
123 257 3
123 258 41
124 259 31
124 260 7
124 261 50
124 262 33
124 263 47
124 264 30
124 265 3
125 266 28
125 267 4
125 268 44
125 269 27
125 270 40
125 271 30
125 272 23
126 273 46
127 273 5
128 273 35
129 273 5
130 273 10
131 273 7
132 273 44
133 274 48
134 274 2
135 274 13
136 274 14
137 274 7
138 274 32
139 274 31
140 275 45
141 275 12
142 275 25
143 275 21
144 275 18
145 275 17
146 275 5
147 276 14
148 276 33
149 276 23
150 276 1
151 276 13
152 276 50
153 276 22
154 277 20
155 277 32
156 277 45
157 277 12
158 277 26
159 277 33
160 277 8
161 278 45
162 278 46
163 278 29
164 278 3
165 278 46
166 278 29
167 278 1
168 279 26
169 279 26
170 279 2
171 279 3
172 279 20
173 279 41
174 279 21
175 280 46
176 280 17
177 280 39
178 280 8
179 280 2
180 280 5
181 280 4
182 281 22
183 281 22
184 281 40
185 281 47
186 281 42
187 281 12
188 281 14
189 282 22
190 282 32
191 282 11
192 282 34
193 282 10
194 282 7
195 282 12
196 283 34
197 283 14
198 283 49
199 283 2
200 283 18
201 283 11
202 283 32
203 284 39
204 284 25
205 284 21
206 284 48
207 284 4
208 284 35
209 284 15
210 285 11
211 285 13
212 285 7
213 285 9
214 285 37
215 285 27
216 285 14
217 286 49
218 286 34
219 286 4
220 286 7
221 286 9
222 286 14
223 286 2
224 287 24
225 287 18
226 287 34
227 287 31
228 287 38
229 287 9
230 287 36
231 288 26
232 288 2
233 288 36
234 288 10
235 288 19
236 288 25
237 288 24
238 289 22
239 289 14
240 289 35
241 289 41
242 289 46
243 289 40
244 289 29
245 290 28
246 290 1
247 290 2
248 290 24
249 290 9
250 290 50
251 290 37
252 291 50
253 291 10
254 291 29
255 291 27
256 291 11
257 291 27
258 291 3
259 292 17
260 292 5
261 292 9
262 292 4
263 292 44
264 292 36
265 292 27
266 293 24
267 293 35
268 293 2
269 293 35
270 293 27
271 293 43
272 293 46
273 294 1
273 295 6
274 296 1
274 297 7
275 298 50
275 299 38
276 300 40
276 301 15
277 302 29
277 303 27
278 304 42
278 305 32
279 306 3
279 307 49
280 308 5
280 309 26
281 310 29
281 311 26
282 312 20
282 313 1
283 314 37
283 315 32
284 316 3
284 317 17
285 318 8
285 319 12
286 320 9
286 321 14
287 322 26
287 323 14
288 324 34
288 325 38
289 326 42
289 327 21
290 328 41
290 329 4
291 330 3
291 331 34
292 332 15
292 333 35
293 334 27
293 335 31
294 336 28
294 337 5
294 338 26
294 339 7
294 340 24
294 341 10
295 336 15
295 337 44
295 338 30
295 339 43
295 340 38
295 341 13
296 336 16
296 337 2
296 338 46
296 339 35
296 340 48
296 341 32
297 336 37
297 337 36
297 338 17
297 339 45
297 340 21
297 341 6
298 336 32
298 337 45
298 338 12
298 339 29
298 340 38
298 341 43
299 336 12
299 337 6
299 338 39
299 339 39
299 340 29
299 341 15
300 336 14
300 337 39
300 338 17
300 339 1
300 340 50
300 341 18
301 336 30
301 337 17
301 338 14
301 339 32
301 340 23
301 341 27
302 336 28
302 337 42
302 338 33
302 339 5
302 340 16
302 341 28
303 336 4
303 337 29
303 338 16
303 339 13
303 340 48
303 341 15
304 336 23
304 337 13
304 338 46
304 339 28
304 340 3
304 341 5
305 336 41
305 337 15
305 338 46
305 339 19
305 340 1
305 341 29
306 336 43
306 337 6
306 338 34
306 339 3
306 340 45
306 341 17
307 336 3
307 337 4
307 338 20
307 339 13
307 340 6
307 341 40
308 336 16
308 337 36
308 338 40
308 339 12
308 340 7
308 341 7
309 336 16
309 337 19
309 338 14
309 339 20
309 340 42
309 341 34
310 336 11
310 337 7
310 338 2
310 339 41
310 340 7
310 341 15
311 336 36
311 337 20
311 338 7
311 339 49
311 340 46
311 341 12
312 336 16
312 337 16
312 338 45
312 339 45
312 340 43
312 341 10
313 336 40
313 337 12
313 338 38
313 339 17
313 340 19
313 341 37
314 336 11
314 337 11
314 338 17
314 339 34
314 340 19
314 341 43
315 336 13
315 337 28
315 338 9
315 339 12
315 340 13
315 341 39
316 336 13
316 337 46
316 338 43
316 339 12
316 340 37
316 341 33
317 336 27
317 337 4
317 338 32
317 339 48
317 340 20
317 341 39
318 336 31
318 337 21
318 338 23
318 339 24
318 340 29
318 341 6
319 336 39
319 337 32
319 338 45
319 339 8
319 340 34
319 341 24
320 336 22
320 337 3
320 338 45
320 339 19
320 340 28
320 341 25
321 336 8
321 337 33
321 338 42
321 339 6
321 340 21
321 341 6
322 336 14
322 337 34
322 338 30
322 339 26
322 340 21
322 341 3
323 336 29
323 337 42
323 338 25
323 339 24
323 340 33
323 341 41
324 336 50
324 337 30
324 338 38
324 339 39
324 340 22
324 341 31
325 336 15
325 337 28
325 338 48
325 339 49
325 340 47
325 341 12
326 336 5
326 337 2
326 338 45
326 339 7
326 340 27
326 341 48
327 336 43
327 337 41
327 338 13
327 339 24
327 340 3
327 341 3
328 336 29
328 337 16
328 338 48
328 339 13
328 340 32
328 341 2
329 336 26
329 337 32
329 338 41
329 339 14
329 340 31
329 341 49
330 336 22
330 337 16
330 338 35
330 339 29
330 340 35
330 341 10
331 336 32
331 337 9
331 338 43
331 339 29
331 340 47
331 341 43
332 336 23
332 337 31
332 338 35
332 339 6
332 340 38
332 341 11
333 336 5
333 337 11
333 338 37
333 339 8
333 340 26
333 341 21
334 336 20
334 337 14
334 338 3
334 339 17
334 340 26
334 341 7
335 336 2
335 337 7
335 338 45
335 339 10
335 340 40
335 341 36
336 342 10
336 343 48
337 344 46
337 345 13
338 346 21
338 347 19
339 348 37
339 349 25
340 350 3
340 351 19
341 352 39
341 353 45
342 354 8
342 355 23
342 356 19
342 357 35
342 358 44
342 359 37
343 354 43
343 355 3
343 356 30
343 357 27
343 358 30
343 359 8
344 354 38
344 355 38
344 356 44
344 357 38
344 358 16
344 359 29
345 354 20
345 355 32
345 356 21
345 357 41
345 358 37
345 359 25
346 354 20
346 355 13
346 356 28
346 357 12
346 358 44
346 359 42
347 354 45
347 355 31
347 356 13
347 357 50
347 358 22
347 359 44
348 354 5
348 355 35
348 356 46
348 357 35
348 358 27
348 359 13
349 354 48
349 355 34
349 356 20
349 357 25
349 358 26
349 359 9
350 354 43
350 355 42
350 356 33
350 357 2
350 358 26
350 359 20
351 354 32
351 355 47
351 356 14
351 357 21
351 358 26
351 359 23
352 354 28
352 355 50
352 356 28
352 357 23
352 358 10
352 359 35
353 354 1
353 355 29
353 356 46
353 357 29
353 358 31
353 359 32
354 360 31
354 361 48
354 362 24
354 363 17
354 364 4
354 365 5
355 360 20
355 361 16
355 362 22
355 363 47
355 364 2
355 365 42
356 360 32
356 361 16
356 362 12
356 363 27
356 364 20
356 365 41
357 360 33
357 361 2
357 362 40
357 363 38
357 364 44
357 365 26
358 360 18
358 361 6
358 362 50
358 363 25
358 364 46
358 365 42
359 360 34
359 361 4
359 362 43
359 363 12
359 364 45
359 365 38
360 366 48
360 367 18
360 368 13
360 369 38
360 370 18
360 371 15
360 372 47
361 366 15
361 367 46
361 368 5
361 369 31
361 370 3
361 371 17
361 372 34
362 366 30
362 367 35
362 368 45
362 369 16
362 370 42
362 371 33
362 372 17
363 366 10
363 367 19
363 368 14
363 369 49
363 370 15
363 371 34
363 372 33
364 366 30
364 367 3
364 368 5
364 369 40
364 370 48
364 371 42
364 372 38
365 366 21
365 367 40
365 368 33
365 369 19
365 370 14
365 371 25
365 372 23
366 373 28
367 373 15
368 373 34
369 374 21
370 374 29
371 374 17
372 375 33
373 375 32
373 376 23
373 377 37
373 378 30
373 379 20
374 375 37
374 376 32
374 377 16
374 378 34
374 379 7
375 380 28
375 381 36
375 382 11
375 383 41
375 384 38
375 385 39
375 386 11
376 380 28
376 381 12
376 382 40
376 383 19
376 384 34
376 385 25
376 386 39
377 380 29
377 381 14
377 382 1
377 383 23
377 384 28
377 385 6
377 386 5
378 380 22
378 381 30
378 382 34
378 383 18
378 384 28
378 385 39
378 386 16
379 380 2
379 381 46
379 382 15
379 383 18
379 384 45
379 385 3
379 386 2
380 387 14
380 388 9
380 389 32
380 390 14
380 391 42
381 387 8
381 388 48
381 389 14
381 390 13
381 391 47
382 387 46
382 388 7
382 389 16
382 390 49
382 391 48
383 387 38
383 388 49
383 389 26
383 390 35
383 391 17
384 387 21
384 388 48
384 389 9
384 390 20
384 391 11
385 387 1
385 388 34
385 389 21
385 390 46
385 391 40
386 387 43
386 388 15
386 389 25
386 390 24
386 391 1
387 392 47
387 393 38
387 394 28
387 395 15
387 396 27
388 392 2
388 393 8
388 394 34
388 395 1
388 396 6
389 392 4
389 393 37
389 394 13
389 395 30
389 396 1
390 392 43
390 393 18
390 394 48
390 395 13
390 396 42
391 392 47
391 393 31
391 394 46
391 395 32
391 396 27
392 397 26
392 398 46
392 399 29
392 400 20
392 401 20
392 402 50
392 403 47
393 397 29
393 398 19
393 399 18
393 400 6
393 401 18
393 402 14
393 403 16
394 397 10
394 398 45
394 399 33
394 400 1
394 401 42
394 402 9
394 403 20
395 397 9
395 398 13
395 399 40
395 400 33
395 401 48
395 402 42
395 403 7
396 397 14
396 398 33
396 399 13
396 400 21
396 401 41
396 402 19
396 403 20
397 404 1
397 405 28
397 406 47
397 407 34
398 404 22
398 405 31
398 406 29
398 407 34
399 404 32
399 405 39
399 406 7
399 407 17
400 404 3
400 405 13
400 406 29
400 407 16
401 404 9
401 405 16
401 406 3
401 407 4
402 404 28
402 405 33
402 406 2
402 407 10
403 404 50
403 405 36
403 406 2
403 407 45
404 408 43
404 409 39
404 410 29
404 411 1
404 412 28
404 413 11
404 414 19
405 415 16
405 416 27
405 417 32
405 418 47
405 419 18
405 420 20
405 421 45
406 422 6
406 423 20
406 424 46
406 425 5
406 426 26
406 427 2
406 428 12
407 429 17
407 430 15
407 431 45
407 432 31
407 433 44
407 434 36
407 435 26
408 436 35
408 437 17
408 438 21
408 439 5
409 440 49
409 441 37
409 442 33
409 443 43
410 444 43
410 445 38
410 446 35
410 447 24
411 448 50
411 449 23
411 450 20
411 451 20
412 452 20
412 453 26
412 454 10
412 455 9
413 456 12
413 457 42
413 458 31
413 459 45
414 460 3
414 461 20
414 462 24
414 463 8
415 464 41
415 465 39
415 466 2
415 467 33
416 468 45
416 469 24
416 470 2
416 471 31
417 472 44
417 473 23
417 474 22
417 475 19
418 476 29
418 477 3
418 478 34
418 479 25
419 480 37
419 481 48
419 482 15
419 483 41
420 484 22
420 485 46
420 486 28
420 487 12
421 488 47
421 489 30
421 490 24
421 491 15
422 492 30
422 493 41
422 494 18
422 495 50
423 496 31
423 497 4
423 498 21
423 499 35
424 500 1
424 501 35
424 502 42
424 503 26
425 504 28
425 505 5
425 506 38
425 507 38
426 508 9
426 509 46
426 510 44
426 511 32
427 512 1
427 513 45
427 514 23
427 515 23
428 516 20
428 517 12
428 518 44
428 519 43
429 520 5
429 521 11
429 522 36
429 523 40
430 524 31
430 525 42
430 526 20
430 527 37
431 528 34
431 529 17
431 530 13
431 531 1
432 532 30
432 533 31
432 534 25
432 535 30
433 536 15
433 537 45
433 538 38
433 539 6
434 540 41
434 541 5
434 542 3
434 543 25
435 544 21
435 545 13
435 546 5
435 547 13
436 548 22
436 549 39
437 548 24
437 549 28
438 548 19
438 549 16
439 548 16
439 549 9
440 548 10
440 549 45
441 548 40
441 549 1
442 548 19
442 549 16
443 548 11
443 549 39
444 548 26
444 549 27
445 548 36
445 549 44
446 548 13
446 549 49
447 548 6
447 549 27
448 548 41
448 549 6
449 548 13
449 549 33
450 548 33
450 549 15
451 548 2
451 549 16
452 548 20
452 549 50
453 548 14
453 549 9
454 548 4
454 549 5
455 548 25
455 549 30
456 548 48
456 549 43
457 548 11
457 549 16
458 548 24
458 549 14
459 548 31
459 549 38
460 548 21
460 549 18
461 548 18
461 549 2
462 548 44
462 549 32
463 548 25
463 549 45
464 548 20
464 549 25
465 548 35
465 549 43
466 548 19
466 549 41
467 548 28
467 549 22
468 548 36
468 549 34
469 548 24
469 549 6
470 548 38
470 549 14
471 548 7
471 549 11
472 548 13
472 549 30
473 548 39
473 549 8
474 548 8
474 549 38
475 548 3
475 549 2
476 548 32
476 549 12
477 548 17
477 549 3
478 548 43
478 549 13
479 548 3
479 549 18
480 548 26
480 549 18
481 548 46
481 549 17
482 548 32
482 549 26
483 548 7
483 549 18
484 548 16
484 549 29
485 548 34
485 549 29
486 548 13
486 549 21
487 548 43
487 549 13
488 548 22
488 549 47
489 548 47
489 549 38
490 548 38
490 549 16
491 548 31
491 549 42
492 548 1
492 549 15
493 548 26
493 549 32
494 548 15
494 549 31
495 548 1
495 549 1
496 548 11
496 549 38
497 548 32
497 549 36
498 548 50
498 549 41
499 548 13
499 549 14
500 548 3
500 549 8
501 548 8
501 549 30
502 548 22
502 549 30
503 548 28
503 549 44
504 548 44
504 549 12
505 548 48
505 549 40
506 548 17
506 549 44
507 548 28
507 549 9
508 548 17
508 549 16
509 548 20
509 549 32
510 548 3
510 549 3
511 548 5
511 549 26
512 548 2
512 549 29
513 548 19
513 549 25
514 548 31
514 549 33
515 548 43
515 549 33
516 548 15
516 549 37
517 548 42
517 549 11
518 548 17
518 549 48
519 548 16
519 549 45
520 548 36
520 549 26
521 548 19
521 549 36
522 548 39
522 549 23
523 548 5
523 549 8
524 548 1
524 549 37
525 548 45
525 549 50
526 548 43
526 549 32
527 548 6
527 549 22
528 548 39
528 549 1
529 548 27
529 549 42
530 548 24
530 549 39
531 548 48
531 549 30
532 548 12
532 549 32
533 548 14
533 549 13
534 548 27
534 549 29
535 548 28
535 549 17
536 548 7
536 549 15
537 548 40
537 549 44
538 548 22
538 549 31
539 548 46
539 549 46
540 548 14
540 549 48
541 548 8
541 549 40
542 548 36
542 549 16
543 548 34
543 549 23
544 548 12
544 549 17
545 548 12
545 549 13
546 548 18
546 549 29
547 548 15
547 549 2
548 550 36
548 551 34
548 552 5
548 553 26
548 554 26
548 555 20
549 550 10
549 551 34
549 552 40
549 553 31
549 554 22
549 555 29
550 556 22
550 557 22
550 558 48
550 559 7
550 560 50
550 561 4
550 562 36
551 563 5
551 564 46
551 565 21
551 566 29
551 567 37
551 568 19
551 569 4
552 570 37
552 571 31
552 572 30
552 573 23
552 574 11
552 575 9
552 576 35
553 577 20
553 578 32
553 579 29
553 580 20
553 581 47
553 582 36
553 583 12
554 584 43
554 585 11
554 586 34
554 587 19
554 588 7
554 589 6
554 590 36
555 591 15
555 592 49
555 593 41
555 594 40
555 595 16
555 596 43
555 597 42
556 598 1
557 598 5
558 598 3
559 599 11
560 599 11
561 599 22
562 600 7
563 600 26
564 600 13
565 601 49
566 601 2
567 601 16
568 602 21
569 602 1
570 602 32
571 603 1
572 603 7
573 603 47
574 604 8
575 604 10
576 604 34
577 605 47
578 605 1
579 605 23
580 606 27
581 606 41
582 606 39
583 607 21
584 607 4
585 607 29
586 608 37
587 608 19
588 608 35
589 609 16
590 609 37
591 609 35
592 610 41
593 610 43
594 610 34
595 611 39
596 611 36
597 611 32
598 612 44
598 613 36
598 614 21
598 615 32
599 612 33
599 613 2
599 614 7
599 615 28
600 612 25
600 613 43
600 614 15
600 615 36
601 612 49
601 613 3
601 614 50
601 615 1
602 612 37
602 613 44
602 614 34
602 615 37
603 612 48
603 613 6
603 614 26
603 615 40
604 612 49
604 613 41
604 614 6
604 615 19
605 612 41
605 613 8
605 614 24
605 615 31
606 612 46
606 613 45
606 614 35
606 615 22
607 612 26
607 613 30
607 614 33
607 615 3
608 612 31
608 613 39
608 614 18
608 615 39
609 612 7
609 613 13
609 614 3
609 615 25
610 612 13
610 613 31
610 614 22
610 615 24
611 612 39
611 613 11
611 614 34
611 615 49
612 616 2
612 617 40
613 618 18
613 619 38
614 620 48
614 621 7
615 622 49
615 623 1
616 624 18
616 625 20
616 626 34
616 627 22
617 624 26
617 625 50
617 626 34
617 627 20
618 624 19
618 625 27
618 626 44
618 627 28
619 624 22
619 625 30
619 626 6
619 627 29
620 624 6
620 625 21
620 626 13
620 627 20
621 624 31
621 625 11
621 626 14
621 627 42
622 624 10
622 625 48
622 626 12
622 627 42
623 624 11
623 625 19
623 626 3
623 627 46
624 628 25
624 629 19
624 630 45
624 631 21
624 632 22
625 628 3
625 629 30
625 630 6
625 631 36
625 632 29
626 628 40
626 629 26
626 630 42
626 631 8
626 632 13
627 628 26
627 629 35
627 630 8
627 631 23
627 632 28
628 633 17
628 634 18
628 635 1
628 636 22
629 637 46
629 638 24
629 639 6
629 640 8
630 641 50
630 642 2
630 643 23
630 644 1
631 645 47
631 646 11
631 647 18
631 648 17
632 649 42
632 650 9
632 651 6
632 652 49
633 653 41
633 654 37
633 655 24
633 656 24
633 657 38
633 658 39
633 659 37
634 660 44
634 661 47
634 662 30
634 663 8
634 664 45
634 665 39
634 666 3
635 667 36
635 668 33
635 669 18
635 670 32
635 671 28
635 672 32
635 673 31
636 674 21
636 675 43
636 676 8
636 677 14
636 678 24
636 679 18
636 680 5
637 681 48
637 682 2
637 683 4
637 684 20
637 685 48
637 686 48
637 687 2
638 688 18
638 689 23
638 690 31
638 691 22
638 692 22
638 693 34
638 694 20
639 695 36
639 696 29
639 697 44
639 698 8
639 699 6
639 700 18
639 701 48
640 702 47
640 703 23
640 704 42
640 705 24
640 706 27
640 707 1
640 708 10
641 709 33
641 710 1
641 711 34
641 712 11
641 713 40
641 714 15
641 715 19
642 716 49
642 717 14
642 718 10
642 719 18
642 720 13
642 721 18
642 722 13
643 723 35
643 724 26
643 725 9
643 726 2
643 727 30
643 728 7
643 729 12
644 730 13
644 731 40
644 732 38
644 733 22
644 734 40
644 735 39
644 736 35
645 737 26
645 738 24
645 739 42
645 740 20
645 741 36
645 742 14
645 743 37
646 744 26
646 745 16
646 746 7
646 747 48
646 748 14
646 749 11
646 750 39
647 751 6
647 752 48
647 753 49
647 754 1
647 755 7
647 756 9
647 757 30
648 758 30
648 759 37
648 760 24
648 761 19
648 762 50
648 763 19
648 764 37
649 765 8
649 766 3
649 767 16
649 768 34
649 769 34
649 770 9
649 771 15
650 772 10
650 773 12
650 774 36
650 775 14
650 776 23
650 777 24
650 778 23
651 779 8
651 780 5
651 781 12
651 782 40
651 783 40
651 784 45
651 785 24
652 786 26
652 787 20
652 788 38
652 789 46
652 790 17
652 791 19
652 792 29
653 793 41
653 794 32
653 795 8
653 796 22
654 793 21
654 794 23
654 795 8
654 796 7
655 793 25
655 794 13
655 795 21
655 796 33
656 793 30
656 794 6
656 795 18
656 796 46
657 793 20
657 794 5
657 795 30
657 796 33
658 793 48
658 794 32
658 795 3
658 796 47
659 793 19
659 794 44
659 795 14
659 796 21
660 793 21
660 794 28
660 795 35
660 796 26
661 793 18
661 794 4
661 795 7
661 796 36
662 793 20
662 794 46
662 795 13
662 796 10
663 793 10
663 794 18
663 795 27
663 796 11
664 793 19
664 794 38
664 795 39
664 796 26
665 793 31
665 794 25
665 795 37
665 796 6
666 793 21
666 794 39
666 795 46
666 796 3
667 793 26
667 794 48
667 795 16
667 796 39
668 793 10
668 794 37
668 795 48
668 796 4
669 793 12
669 794 44
669 795 28
669 796 17
670 793 37
670 794 24
670 795 9
670 796 36
671 793 14
671 794 18
671 795 39
671 796 16
672 793 6
672 794 43
672 795 14
672 796 46
673 793 35
673 794 30
673 795 40
673 796 31
674 793 34
674 794 14
674 795 5
674 796 34
675 793 3
675 794 42
675 795 36
675 796 16
676 793 3
676 794 14
676 795 4
676 796 15
677 793 13
677 794 4
677 795 23
677 796 40
678 793 47
678 794 12
678 795 21
678 796 21
679 793 29
679 794 5
679 795 32
679 796 9
680 793 35
680 794 34
680 795 47
680 796 31
681 793 7
681 794 19
681 795 8
681 796 8
682 793 22
682 794 13
682 795 7
682 796 3
683 793 2
683 794 45
683 795 49
683 796 23
684 793 10
684 794 33
684 795 10
684 796 9
685 793 2
685 794 45
685 795 4
685 796 49
686 793 12
686 794 14
686 795 27
686 796 14
687 793 2
687 794 22
687 795 46
687 796 6
688 793 44
688 794 14
688 795 35
688 796 42
689 793 47
689 794 48
689 795 39
689 796 12
690 793 12
690 794 41
690 795 46
690 796 40
691 793 8
691 794 27
691 795 32
691 796 26
692 793 49
692 794 49
692 795 5
692 796 1
693 793 7
693 794 11
693 795 13
693 796 40
694 793 45
694 794 19
694 795 48
694 796 21
695 793 24
695 794 23
695 795 18
695 796 30
696 793 23
696 794 23
696 795 20
696 796 38
697 793 30
697 794 2
697 795 15
697 796 46
698 793 32
698 794 19
698 795 8
698 796 9
699 793 10
699 794 16
699 795 5
699 796 35
700 793 36
700 794 34
700 795 42
700 796 26
701 793 21
701 794 12
701 795 40
701 796 21
702 793 36
702 794 30
702 795 32
702 796 11
703 793 43
703 794 25
703 795 39
703 796 8
704 793 28
704 794 38
704 795 11
704 796 34
705 793 3
705 794 40
705 795 12
705 796 33
706 793 19
706 794 15
706 795 36
706 796 12
707 793 43
707 794 36
707 795 31
707 796 3
708 793 33
708 794 40
708 795 17
708 796 48
709 793 1
709 794 20
709 795 47
709 796 7
710 793 21
710 794 7
710 795 21
710 796 30
711 793 38
711 794 22
711 795 18
711 796 50
712 793 45
712 794 35
712 795 6
712 796 8
713 793 1
713 794 6
713 795 48
713 796 14
714 793 8
714 794 33
714 795 1
714 796 11
715 793 3
715 794 41
715 795 44
715 796 5
716 793 2
716 794 47
716 795 19
716 796 31
717 793 39
717 794 10
717 795 38
717 796 17
718 793 14
718 794 15
718 795 27
718 796 37
719 793 48
719 794 45
719 795 37
719 796 27
720 793 6
720 794 21
720 795 13
720 796 47
721 793 40
721 794 48
721 795 13
721 796 9
722 793 50
722 794 40
722 795 26
722 796 3
723 793 12
723 794 11
723 795 43
723 796 31
724 793 9
724 794 40
724 795 11
724 796 4
725 793 5
725 794 25
725 795 26
725 796 18
726 793 45
726 794 19
726 795 24
726 796 23
727 793 38
727 794 29
727 795 14
727 796 14
728 793 27
728 794 34
728 795 39
728 796 48
729 793 42
729 794 8
729 795 32
729 796 33
730 793 49
730 794 25
730 795 38
730 796 9
731 793 35
731 794 15
731 795 13
731 796 22
732 793 35
732 794 42
732 795 40
732 796 31
733 793 5
733 794 16
733 795 37
733 796 36
734 793 47
734 794 22
734 795 22
734 796 37
735 793 34
735 794 42
735 795 19
735 796 31
736 793 16
736 794 36
736 795 50
736 796 46
737 793 48
737 794 19
737 795 36
737 796 41
738 793 38
738 794 42
738 795 23
738 796 15
739 793 37
739 794 43
739 795 29
739 796 27
740 793 18
740 794 39
740 795 1
740 796 2
741 793 33
741 794 9
741 795 32
741 796 4
742 793 28
742 794 14
742 795 4
742 796 22
743 793 6
743 794 2
743 795 45
743 796 45
744 793 19
744 794 1
744 795 21
744 796 45
745 793 35
745 794 25
745 795 40
745 796 37
746 793 7
746 794 14
746 795 13
746 796 10
747 793 44
747 794 16
747 795 26
747 796 41
748 793 46
748 794 37
748 795 13
748 796 5
749 793 1
749 794 10
749 795 15
749 796 50
750 793 33
750 794 46
750 795 30
750 796 25
751 793 40
751 794 12
751 795 49
751 796 39
752 793 28
752 794 7
752 795 50
752 796 19
753 793 43
753 794 35
753 795 50
753 796 9
754 793 22
754 794 5
754 795 23
754 796 10
755 793 16
755 794 38
755 795 2
755 796 23
756 793 3
756 794 49
756 795 36
756 796 3
757 793 6
757 794 40
757 795 19
757 796 3
758 793 27
758 794 16
758 795 31
758 796 9
759 793 12
759 794 8
759 795 24
759 796 12
760 793 1
760 794 28
760 795 50
760 796 5
761 793 31
761 794 46
761 795 29
761 796 32
762 793 23
762 794 12
762 795 29
762 796 16
763 793 45
763 794 14
763 795 21
763 796 42
764 793 32
764 794 27
764 795 41
764 796 31
765 793 13
765 794 2
765 795 15
765 796 22
766 793 21
766 794 9
766 795 46
766 796 4
767 793 39
767 794 39
767 795 11
767 796 30
768 793 11
768 794 10
768 795 11
768 796 11
769 793 32
769 794 49
769 795 12
769 796 14
770 793 32
770 794 13
770 795 16
770 796 44
771 793 9
771 794 27
771 795 43
771 796 4
772 793 33
772 794 3
772 795 10
772 796 33
773 793 41
773 794 44
773 795 42
773 796 1
774 793 31
774 794 26
774 795 28
774 796 27
775 793 17
775 794 34
775 795 33
775 796 40
776 793 35
776 794 34
776 795 4
776 796 10
777 793 40
777 794 49
777 795 48
777 796 28
778 793 44
778 794 45
778 795 46
778 796 26
779 793 47
779 794 36
779 795 43
779 796 10
780 793 11
780 794 32
780 795 35
780 796 33
781 793 27
781 794 43
781 795 21
781 796 12
782 793 36
782 794 19
782 795 18
782 796 47
783 793 1
783 794 24
783 795 35
783 796 40
784 793 38
784 794 42
784 795 8
784 796 38
785 793 50
785 794 8
785 795 29
785 796 15
786 793 11
786 794 35
786 795 26
786 796 47
787 793 31
787 794 26
787 795 26
787 796 34
788 793 17
788 794 20
788 795 1
788 796 37
789 793 6
789 794 22
789 795 12
789 796 17
790 793 24
790 794 3
790 795 27
790 796 34
791 793 18
791 794 48
791 795 22
791 796 16
792 793 47
792 794 31
792 795 30
792 796 23
793 797 26
793 798 3
793 799 18
794 797 5
794 798 21
794 799 4
795 797 15
795 798 4
795 799 42
796 797 45
796 798 45
796 799 23
797 800 34
797 801 32
797 802 27
797 803 35
798 800 26
798 801 42
798 802 6
798 803 43
799 800 34
799 801 14
799 802 2
799 803 17
800 804 24
800 805 45
800 806 20
800 807 32
801 808 1
801 809 7
801 810 44
801 811 32
802 812 10
802 813 32
802 814 28
802 815 34
803 816 24
803 817 46
803 818 39
803 819 36
804 820 40
805 820 28
806 820 3
807 820 40
808 820 45
809 821 1
810 821 40
811 821 22
812 821 5
813 821 8
814 822 49
815 822 7
816 822 11
817 822 42
818 822 42
819 823 4
820 823 38
820 824 42
820 825 48
820 826 42
820 827 36
820 828 44
820 829 23
821 823 47
821 824 19
821 825 27
821 826 15
821 827 49
821 828 5
821 829 50
822 823 8
822 824 33
822 825 19
822 826 37
822 827 50
822 828 7
822 829 10
823 830 2
824 830 1
825 830 4
826 831 43
827 831 14
828 831 45
829 832 7
830 832 37
830 833 16
830 834 25
831 832 19
831 833 15
831 834 23
832 835 19
832 836 2
832 837 49
832 838 15
832 839 2
832 840 43
832 841 6
833 835 38
833 836 3
833 837 35
833 838 20
833 839 34
833 840 20
833 841 22
834 835 45
834 836 3
834 837 45
834 838 25
834 839 30
834 840 41
834 841 13
835 842 6
836 842 33
837 843 4
838 843 31
839 844 28
840 844 33
841 845 20
842 845 27
842 846 36
842 847 41
842 848 36
842 849 19
843 845 36
843 846 31
843 847 47
843 848 27
843 849 11
844 845 6
844 846 20
844 847 6
844 848 13
844 849 17
845 850 45
845 851 31
845 852 4
845 853 9
846 854 33
846 855 2
846 856 13
846 857 4
847 858 9
847 859 16
847 860 38
847 861 9
848 862 42
848 863 41
848 864 36
848 865 17
849 866 33
849 867 2
849 868 44
849 869 8
850 870 4
850 871 18
850 872 31
851 873 23
851 874 40
851 875 2
852 876 36
852 877 33
852 878 2
853 879 31
853 880 3
853 881 21
854 882 24
854 883 18
854 884 30
855 885 48
855 886 43
855 887 11
856 888 32
856 889 43
856 890 47
857 891 13
857 892 15
857 893 29
858 894 24
858 895 14
858 896 30
859 897 26
859 898 47
859 899 32
860 900 10
860 901 32
860 902 25
861 903 50
861 904 42
861 905 41
862 906 43
862 907 42
862 908 42
863 909 7
863 910 24
863 911 1
864 912 14
864 913 49
864 914 18
865 915 7
865 916 14
865 917 6
866 918 17
866 919 38
866 920 6
867 921 40
867 922 24
867 923 44
868 924 40
868 925 22
868 926 45
869 927 12
869 928 49
869 929 33
870 930 11
871 930 2
872 930 32
873 930 34
874 930 27
875 930 38
876 930 21
877 931 26
878 931 47
879 931 11
880 931 8
881 931 41
882 931 1
883 931 24
884 932 34
885 932 40
886 932 39
887 932 19
888 932 29
889 932 18
890 932 13
891 933 27
892 933 41
893 933 49
894 933 23
895 933 2
896 933 8
897 933 31
898 934 29
899 934 2
900 934 22
901 934 10
902 934 13
903 934 10
904 934 8
905 935 10
906 935 47
907 935 38
908 935 36
909 935 18
910 935 12
911 935 5
912 936 46
913 936 33
914 936 47
915 936 12
916 936 20
917 936 8
918 936 26
919 937 44
920 937 5
921 937 38
922 937 35
923 937 48
924 937 15
925 937 7
926 938 29
927 938 37
928 938 26
929 938 12
930 938 41
930 939 32
930 940 44
930 941 2
930 942 9
930 943 28
930 944 43
931 945 32
931 946 10
931 947 10
931 948 7
931 949 9
931 950 4
931 951 6
932 952 36
932 953 34
932 954 45
932 955 31
932 956 27
932 957 18
932 958 3
933 959 6
933 960 24
933 961 46
933 962 12
933 963 17
933 964 50
933 965 44
934 966 2
934 967 2
934 968 26
934 969 48
934 970 3
934 971 49
934 972 23
935 973 12
935 974 1
935 975 1
935 976 19
935 977 35
935 978 41
935 979 36
936 980 43
936 981 45
936 982 44
936 983 23
936 984 13
936 985 11
936 986 15
937 987 26
937 988 16
937 989 37
937 990 18
937 991 48
937 992 21
937 993 39
