1000 2603 19
1 2 3 4 5 6 7 8 9 10 11 12 13 14 15 16 17 18 19
1 21 3
1 81 8
1 101 12
1 301 39
2 22 2
3 23 2
3 243 33
3 283 42
4 24 3
4 244 31
4 384 43
5 25 1
5 105 10
5 225 23
6 26 3
6 66 9
6 306 34
6 346 40
7 27 1
7 387 41
8 28 2
8 268 28
9 29 2
9 109 11
9 169 20
9 349 42
10 30 1
10 270 29
10 410 43
11 31 2
12 32 3
12 112 12
12 152 20
12 212 26
12 312 38
12 332 43
12 372 49
13 33 3
13 93 13
13 313 36
14 34 3
14 234 30
15 35 4
15 55 5
15 155 18
15 375 49
16 36 1
16 156 16
16 256 32
16 316 39
17 37 1
18 38 1
18 238 25
18 338 35
18 398 40
19 39 1
19 179 16
19 219 24
20 40 49
21 41 3
22 42 1
22 262 23
23 43 4
23 103 12
24 44 2
24 84 7
24 384 41
25 45 3
25 205 17
25 425 46
26 46 3
26 466 46
27 47 2
27 227 20
27 247 25
27 427 44
27 447 48
28 48 3
28 128 9
28 148 15
28 328 34
28 368 38
28 408 43
29 49 1
29 109 6
29 209 26
29 329 38
29 369 43
29 389 46
30 50 2
30 130 8
31 51 3
31 191 23
31 411 45
32 52 1
33 53 4
34 54 1
34 114 12
34 194 22
35 55 1
35 115 9
35 135 12
35 235 24
35 255 27
35 435 49
36 56 1
36 276 34
37 57 4
37 137 16
37 317 40
38 58 4
38 338 32
39 59 4
39 79 6
39 219 22
39 379 42
39 399 46
40 60 49
41 61 1
42 62 4
42 142 12
42 202 16
42 242 21
42 382 37
42 402 38
43 63 4
43 423 50
44 64 1
44 244 27
44 384 38
45 65 2
45 105 5
45 205 14
45 245 22
46 66 4
46 166 12
46 266 25
47 67 2
47 167 14
48 68 3
48 128 9
48 388 39
49 69 1
49 89 4
49 209 23
50 70 3
51 71 3
51 91 6
52 72 3
53 73 3
53 293 25
53 313 28
53 393 37
54 74 3
54 214 24
55 75 2
55 255 28
55 275 29
55 415 46
56 76 2
56 356 42
57 77 4
57 217 22
57 397 44
58 78 1
58 118 6
59 79 2
59 319 28
60 80 49
60 120 50
60 160 50
60 180 50
60 240 50
61 81 4
61 221 21
61 281 26
61 321 33
61 361 38
61 381 43
62 82 1
63 83 1
63 223 20
63 343 38
64 84 4
64 184 16
65 85 2
65 125 8
65 205 13
65 425 41
65 485 49
66 86 1
66 126 6
67 87 1
67 107 4
67 227 17
67 447 43
68 88 1
69 89 3
69 129 10
69 269 29
69 309 33
70 90 1
70 250 20
70 270 22
71 91 3
71 371 35
72 92 3
72 232 22
72 292 30
72 372 41
72 392 44
73 93 3
73 373 32
73 453 43
74 94 4
75 95 2
75 155 11
75 295 30
75 315 31
75 375 40
75 435 46
75 455 48
76 96 4
76 136 9
76 316 34
77 97 4
77 317 33
78 98 2
78 218 18
78 398 33
78 478 43
79 99 1
79 399 38
80 100 49
81 101 1
81 401 40
82 102 4
82 442 38
82 462 42
83 103 4
83 163 9
83 303 32
84 104 1
84 184 12
84 444 40
85 105 4
86 106 3
86 246 16
86 506 46
87 107 3
87 247 19
87 287 24
88 108 1
88 268 21
88 388 33
88 508 44
89 109 4
89 169 14
90 110 1
90 270 20
90 470 42
90 510 47
91 111 3
91 191 15
91 311 24
91 391 35
92 112 3
92 152 8
92 352 36
93 113 4
93 473 43
94 114 4
94 294 27
94 314 31
95 115 4
95 275 27
95 415 42
96 116 3
97 117 3
97 197 11
97 337 32
98 118 3
98 418 34
99 119 2
99 319 25
99 359 31
99 399 39
100 120 50
101 121 3
101 461 48
102 122 1
102 162 5
102 262 14
102 302 19
102 382 28
102 442 34
102 482 39
103 123 2
103 143 4
104 124 4
104 404 34
104 424 36
104 504 43
105 125 2
105 365 27
106 126 2
106 266 17
107 127 4
107 247 16
108 128 4
109 129 3
110 130 3
110 170 8
110 310 24
111 131 3
111 151 4
111 351 25
112 132 4
112 252 19
112 332 29
113 133 2
113 193 7
113 393 28
113 473 41
114 134 3
114 434 42
115 135 3
115 195 9
116 136 4
116 396 38
116 476 50
117 137 1
117 177 4
117 197 9
117 317 26
118 138 1
118 218 13
118 298 19
118 518 46
119 139 2
119 399 34
119 419 38
119 439 41
120 140 49
120 160 50
120 220 50
121 141 1
121 181 6
122 142 3
122 582 48
123 143 2
123 163 4
123 203 12
124 144 2
125 145 1
125 285 15
125 345 23
125 485 40
126 146 1
126 206 8
126 466 36
126 526 44
127 147 2
127 347 24
127 427 32
128 148 3
128 428 32
128 528 41
129 149 3
129 169 7
129 289 20
129 409 36
130 150 4
131 151 3
131 351 21
131 531 47
132 152 3
133 153 2
133 333 19
133 493 42
134 154 1
134 294 19
134 354 29
134 374 32
134 414 37
134 514 50
135 155 4
135 195 7
136 156 1
136 356 30
136 456 43
136 476 46
137 157 2
138 158 2
138 518 43
139 159 3
139 259 16
139 459 41
140 160 50
140 340 50
141 161 4
141 361 31
141 481 46
142 162 1
143 163 3
143 203 9
143 383 34
144 164 2
144 544 44
144 584 50
145 165 1
145 445 33
146 166 3
146 366 27
146 486 39
147 167 2
147 327 19
147 427 30
147 447 33
148 168 1
148 368 22
148 388 25
149 169 4
149 189 6
149 249 14
149 289 19
149 389 32
149 469 41
149 509 48
150 170 1
150 430 29
151 171 4
151 371 23
152 172 3
152 212 7
152 312 21
152 332 22
152 412 32
152 572 48
153 173 2
153 293 11
153 333 17
153 393 25
154 174 3
154 274 17
154 374 31
154 394 34
154 414 35
154 494 45
154 514 48
155 175 1
155 235 8
155 355 24
155 475 37
156 176 4
156 436 39
157 177 3
158 178 4
158 498 39
158 518 44
158 538 45
159 179 4
159 239 11
159 359 24
159 479 42
160 180 50
160 260 50
160 280 50
160 340 50
161 181 4
161 221 8
161 281 15
162 182 1
162 342 19
163 183 3
163 323 25
163 503 46
163 523 49
164 184 4
165 185 1
165 545 47
166 186 2
166 266 10
166 306 14
166 346 19
167 187 2
167 327 18
167 347 19
167 587 49
168 188 1
168 508 34
168 528 37
169 189 4
169 249 10
169 329 20
170 190 2
170 390 24
171 191 2
171 251 7
171 351 16
171 371 20
171 471 30
171 551 45
172 192 1
172 372 25
173 193 2
173 273 8
173 293 9
173 453 32
173 553 43
174 194 3
174 214 5
174 234 9
174 434 34
174 494 42
175 195 4
175 375 26
176 196 4
176 516 44
177 197 4
177 517 48
178 198 3
178 218 4
178 438 27
179 199 3
179 239 7
179 259 9
179 579 49
180 200 49
180 260 50
181 201 2
181 541 46
182 202 1
182 262 8
182 442 30
182 622 46
183 203 4
183 283 17
183 583 49
184 204 3
184 404 23
184 504 32
185 205 4
185 305 14
185 545 46
186 206 2
186 466 28
187 207 1
187 367 21
187 407 25
187 447 30
187 467 33
188 208 2
188 288 13
189 209 3
189 289 11
189 489 37
190 210 3
190 390 22
190 430 26
190 510 36
191 211 1
191 351 13
191 451 26
192 212 4
192 352 23
192 452 35
193 213 1
193 253 4
193 413 25
193 433 26
194 214 3
194 314 17
195 215 1
196 216 3
196 436 32
197 217 1
197 557 50
198 218 3
198 518 35
198 618 48
199 219 3
199 359 17
200 220 50
200 240 50
200 380 50
201 221 3
201 301 11
201 561 45
202 222 3
202 422 25
202 562 40
203 223 2
204 224 4
205 225 3
205 365 19
206 226 1
207 227 4
207 347 19
208 228 3
208 668 49
209 229 2
209 309 11
209 329 12
209 449 27
210 230 4
210 490 30
210 550 40
211 231 1
212 232 3
213 233 1
213 313 10
213 333 13
213 433 25
214 234 3
214 354 18
215 235 4
215 455 29
215 535 39
216 236 2
216 456 31
216 596 47
217 237 3
217 397 24
218 238 1
218 298 4
219 239 1
219 319 9
219 399 19
219 519 39
220 240 49
220 280 50
220 300 50
221 241 2
221 441 27
222 242 2
222 322 12
222 562 37
223 243 3
223 303 15
223 483 35
223 623 48
224 244 2
224 344 8
224 464 21
224 544 29
225 245 2
225 345 14
225 525 37
226 246 4
226 326 10
226 346 15
226 486 30
227 247 2
227 467 27
228 248 3
228 308 10
228 368 16
229 249 2
229 449 25
229 489 33
230 250 1
230 630 49
231 251 3
231 431 21
231 511 34
231 551 41
232 252 1
232 332 11
232 472 29
233 253 2
234 254 4
234 314 9
234 394 21
235 255 3
235 575 39
236 256 3
236 296 7
236 416 24
236 476 32
236 576 43
237 257 1
237 297 6
237 377 18
238 258 1
238 438 20
239 259 3
239 399 19
239 679 49
240 260 49
240 340 50
241 261 1
241 361 16
241 541 38
242 262 2
242 442 22
242 542 34
243 263 4
243 303 12
243 363 18
243 643 47
244 264 1
245 265 1
245 385 16
245 525 36
246 266 2
246 446 19
247 267 3
247 307 6
248 268 3
248 368 12
249 269 1
249 449 22
249 509 35
249 529 37
250 270 3
250 610 46
251 271 1
252 272 2
252 312 6
253 273 2
253 293 5
253 313 8
253 593 42
253 613 43
254 274 1
255 275 3
255 355 12
255 495 25
255 655 49
256 276 3
257 277 4
257 317 8
257 477 31
258 278 1
258 398 15
258 498 28
258 638 48
258 658 49
259 279 1
259 639 43
260 280 49
260 360 50
261 281 3
262 282 3
263 283 4
263 303 8
263 343 11
263 563 35
263 583 37
264 284 2
264 584 33
265 285 2
265 465 25
266 286 1
266 326 4
267 287 1
267 407 14
267 527 30
267 587 40
267 647 45
268 288 2
268 408 15
268 728 48
269 289 3
270 290 2
270 390 11
270 530 30
271 291 1
271 351 8
271 371 9
272 292 3
272 372 14
272 552 33
273 293 3
273 373 12
273 413 19
273 473 27
274 294 2
274 434 22
274 674 48
275 295 1
275 615 38
276 296 1
276 396 14
276 656 44
276 676 47
277 297 3
277 317 4
278 298 4
278 638 44
279 299 1
279 359 11
279 519 33
280 300 49
280 340 50
280 460 50
280 480 50
281 301 4
281 341 8
281 461 24
282 302 3
282 442 19
282 682 47
283 303 4
283 323 5
283 343 8
283 543 30
284 304 1
284 404 11
284 444 15
284 584 32
285 305 2
285 325 5
286 306 2
286 526 30
286 546 35
287 307 3
287 467 20
287 547 32
287 587 37
288 308 3
288 428 14
288 708 44
289 309 3
289 509 29
289 549 38
290 310 2
290 710 48
291 311 2
291 411 14
291 511 27
292 312 4
292 412 17
293 313 3
294 314 4
294 394 14
294 574 34
295 315 2
295 475 20
295 495 24
295 515 25
295 615 40
295 635 42
296 316 4
296 496 27
296 516 31
297 317 4
297 437 16
297 477 23
297 657 50
298 318 1
298 598 37
299 319 3
299 359 11
299 479 26
299 599 39
300 320 49
300 340 50
301 321 2
301 341 5
301 661 44
302 322 3
302 442 14
302 542 26
302 622 34
302 662 38
303 323 1
303 443 15
303 503 23
303 603 32
304 324 1
305 325 3
305 345 6
306 326 4
306 386 11
307 327 2
307 447 13
307 467 17
307 627 39
307 647 42
307 667 43
307 727 50
308 328 1
308 368 4
308 768 49
309 329 2
309 549 35
310 330 1
311 331 1
311 471 19
311 571 35
312 332 2
312 372 7
312 752 43
313 333 2
314 334 1
314 394 9
315 335 4
315 515 24
316 336 2
316 396 11
316 716 50
317 337 3
317 537 32
317 577 36
318 338 4
318 458 16
318 658 46
319 339 4
319 559 33
320 340 49
320 360 50
320 520 50
321 341 3
321 361 5
321 441 15
321 481 21
322 342 2
322 382 4
322 402 6
322 442 12
323 343 4
323 603 31
324 344 2
324 404 8
324 464 14
324 724 45
325 345 4
325 485 21
326 346 3
327 347 4
327 547 26
327 647 39
328 348 1
328 448 11
328 508 18
328 528 21
328 768 46
329 349 1
330 350 2
331 351 4
331 511 24
331 611 40
331 671 49
332 352 4
332 732 40
333 353 1
333 453 15
333 593 31
333 673 41
334 354 4
334 434 13
334 534 26
334 674 44
335 355 3
335 555 23
336 356 3
336 376 6
337 357 2
337 437 12
337 517 26
338 358 1
338 718 49
339 359 4
339 619 33
339 739 45
340 360 50
340 400 50
340 520 50
341 361 4
341 581 31
341 661 40
341 681 44
342 362 1
342 402 4
342 682 39
343 363 1
343 423 6
343 463 13
344 364 1
344 664 36
345 365 2
345 445 11
345 605 36
346 366 3
346 426 6
347 367 1
347 407 5
347 647 35
347 727 44
348 368 4
348 648 32
349 369 4
349 449 13
349 509 22
350 370 1
350 510 20
350 550 28
350 570 29
351 371 4
351 671 47
351 691 50
352 372 3
352 392 4
352 512 16
353 373 3
353 673 42
354 374 3
354 534 22
354 654 36
355 375 3
355 535 19
355 635 32
356 376 3
356 736 47
356 756 48
357 377 1
357 397 5
357 457 11
357 497 18
357 517 22
357 657 41
358 378 1
358 558 25
358 598 30
358 638 35
358 698 46
359 379 1
360 380 50
361 381 2
361 581 28
361 721 44
361 741 48
362 382 2
362 582 22
362 642 30
363 383 2
363 783 43
364 384 4
364 664 34
364 764 50
365 385 4
366 386 1
366 446 4
366 606 32
367 387 1
367 467 10
368 388 3
368 568 19
368 668 29
368 748 40
368 828 48
369 389 3
369 409 5
369 549 27
370 390 4
370 550 26
371 391 2
371 431 4
371 471 11
371 631 35
372 392 1
372 612 20
373 393 3
373 493 16
373 613 29
374 394 3
374 494 15
374 674 37
375 395 1
375 555 17
375 575 20
375 755 49
376 396 4
376 656 31
376 776 49
377 397 4
377 637 37
377 657 40
378 398 3
378 518 17
378 558 25
379 399 4
379 739 40
380 400 49
380 540 50
381 401 2
382 402 3
382 622 26
382 662 31
383 403 1
383 803 48
383 823 50
384 404 2
384 524 12
384 764 45
385 405 2
385 465 7
386 406 1
386 466 5
386 486 11
386 546 20
386 626 37
387 407 3
387 487 13
387 527 17
388 408 1
388 468 5
389 409 2
389 469 8
389 489 14
389 549 23
389 689 41
390 410 2
390 570 24
391 411 1
391 551 22
391 671 39
391 731 50
392 412 4
392 592 18
392 792 37
393 413 4
393 493 15
393 593 25
394 414 2
394 454 7
394 494 11
394 554 18
394 634 25
395 415 2
395 495 8
395 695 39
396 416 2
396 456 8
396 476 9
396 496 11
397 417 1
397 537 21
397 757 42
398 418 2
398 578 23
398 678 40
398 758 50
399 419 3
399 459 7
400 420 49
400 520 50
400 580 50
401 421 3
401 441 4
402 422 1
402 562 16
403 423 2
403 583 22
403 683 32
404 424 1
404 484 6
405 425 1
405 485 9
405 565 23
405 705 40
406 426 1
406 466 5
406 546 19
406 646 38
407 427 1
408 428 1
408 648 23
408 748 36
409 429 2
409 669 36
410 430 3
410 450 4
410 490 7
410 510 13
411 431 4
412 432 1
412 692 22
413 433 1
414 434 3
414 494 9
414 554 16
414 654 27
415 435 1
415 495 7
415 555 16
415 615 25
415 695 38
415 735 45
416 436 3
416 476 8
416 756 42
417 437 4
417 537 20
417 557 23
417 697 37
417 757 42
418 438 4
418 598 24
419 439 1
419 779 38
419 799 40
420 440 49
420 500 50
420 540 50
421 441 3
421 461 4
421 581 21
421 601 22
422 442 4
422 682 31
422 722 35
422 802 42
423 443 4
423 483 9
423 783 39
424 444 3
424 564 16
424 584 18
425 445 2
425 585 25
426 446 1
426 626 35
426 706 49
427 447 4
427 507 11
427 527 12
427 607 26
427 667 31
427 827 50
428 448 1
428 548 13
428 848 47
429 449 3
430 450 1
430 490 5
430 530 14
430 570 21
430 710 34
431 451 1
431 551 18
431 691 39
432 452 3
432 532 10
432 972 45
433 453 4
433 553 14
433 593 20
433 633 22
433 813 46
434 454 3
434 694 30
434 834 49
435 455 2
435 495 7
436 456 3
436 596 18
436 616 19
436 636 21
436 696 30
437 457 2
437 497 8
437 817 42
437 877 50
438 458 1
438 558 15
439 459 4
440 460 50
440 480 50
441 461 2
441 501 6
441 561 13
441 701 31
441 741 37
442 462 2
442 542 9
442 782 37
443 463 4
443 683 25
444 464 1
444 504 5
444 544 12
445 465 3
445 505 8
445 525 11
445 585 22
445 765 46
445 805 50
446 466 4
446 526 13
447 467 4
447 527 8
448 468 3
448 648 22
448 768 35
448 828 42
449 469 3
450 470 2
450 550 14
450 570 19
450 770 43
451 471 4
451 511 9
451 531 11
451 551 16
452 472 2
452 632 13
452 652 14
452 772 28
452 992 49
453 473 3
453 593 15
454 474 2
454 574 11
454 614 16
454 654 19
454 734 33
455 475 2
455 715 39
456 476 2
457 477 4
458 478 3
458 638 23
458 678 32
459 479 3
459 519 9
459 539 10
459 879 44
460 480 49
460 520 50
460 640 50
461 481 2
461 781 45
462 482 2
462 562 9
463 483 1
463 783 31
463 803 35
464 484 1
464 844 49
465 485 4
465 525 8
465 665 28
465 845 50
466 486 4
466 706 42
467 487 2
467 587 15
467 787 39
467 907 49
468 488 1
469 489 4
470 490 4
471 491 2
471 531 8
472 492 1
473 493 3
473 593 12
474 494 3
474 794 38
475 495 4
475 715 37
476 496 1
476 656 17
476 876 50
477 497 4
478 498 3
478 678 29
478 778 43
479 499 3
479 539 7
479 659 16
480 500 49
480 600 50
481 501 2
481 621 17
481 781 41
482 502 1
482 622 12
482 642 17
482 802 34
482 842 40
483 503 4
483 623 13
483 803 34
483 863 45
484 504 3
484 664 23
484 704 26
484 824 44
485 505 2
485 565 11
485 585 16
485 665 23
485 725 32
485 765 40
486 506 3
486 666 32
487 507 1
487 847 41
488 508 3
488 588 10
488 608 13
488 788 35
489 509 4
489 789 47
490 510 4
491 511 4
492 512 2
492 692 15
492 992 45
493 513 1
493 693 25
494 514 2
494 814 38
494 874 48
495 515 2
495 575 9
495 655 21
496 516 4
496 576 8
496 756 33
497 517 4
497 917 44
498 518 4
498 538 6
499 519 3
499 639 12
500 520 49
500 540 50
500 700 50
501 521 3
501 561 8
502 522 1
503 523 1
503 583 6
504 524 3
504 544 7
504 644 15
504 784 37
505 525 4
505 665 22
506 526 4
506 666 29
507 527 4
507 747 29
508 528 3
508 928 46
509 529 4
509 649 19
509 669 20
510 530 3
510 570 11
510 610 14
510 710 24
511 531 3
511 731 34
511 771 38
512 532 2
512 672 11
512 932 34
512 992 44
513 533 2
513 833 36
513 933 49
514 534 1
514 674 19
515 535 2
516 536 1
516 676 15
516 696 20
516 836 38
516 936 49
517 537 3
517 757 24
518 538 3
518 578 6
519 539 1
520 540 49
521 541 3
522 542 4
522 582 7
522 802 32
523 543 1
523 863 41
524 544 4
525 545 4
526 546 4
526 586 11
526 706 32
527 547 2
527 667 16
527 727 24
527 747 25
527 867 39
528 548 2
528 748 22
529 549 4
529 749 31
530 550 4
530 630 14
530 710 21
530 730 24
530 910 49
531 551 4
531 811 43
532 552 1
532 792 22
533 553 3
533 853 37
534 554 2
535 555 3
535 615 9
535 735 30
536 556 1
536 676 17
536 776 30
537 557 2
537 837 27
538 558 2
538 878 48
539 559 2
539 699 13
539 759 19
539 799 27
539 999 50
540 560 49
540 700 50
540 720 50
541 561 4
541 761 29
541 781 34
541 841 43
542 562 1
542 622 6
542 842 33
543 563 1
543 583 5
543 783 25
543 823 33
543 843 36
544 564 2
544 744 23
544 884 42
545 565 3
546 566 4
546 586 5
546 706 29
546 846 49
547 567 3
547 827 33
547 927 42
548 568 1
548 868 36
548 988 50
549 569 1
549 789 33
550 570 4
550 770 25
550 890 42
551 571 4
551 751 29
551 891 46
552 572 1
552 652 6
552 732 16
552 952 32
553 573 1
553 693 17
553 873 37
553 893 40
554 574 1
554 854 39
554 894 48
555 575 2
555 715 26
555 775 33
556 576 4
556 836 37
557 577 2
557 777 20
557 797 21
558 578 2
558 638 11
558 898 49
559 579 2
559 679 8
559 939 43
559 959 44
560 580 49
560 620 50
560 740 50
560 760 50
561 581 2
561 661 11
561 761 25
562 582 2
563 583 4
563 683 13
564 584 3
564 644 7
564 664 9
565 585 4
565 825 31
566 586 4
566 666 17
566 826 44
567 587 4
567 767 22
568 588 2
568 888 37
569 589 2
569 749 24
570 590 2
570 850 32
570 910 41
571 591 1
571 751 24
571 911 46
572 592 1
572 992 47
573 593 3
573 753 24
574 594 2
574 614 4
574 794 31
574 854 39
575 595 3
575 675 15
575 735 26
576 596 2
576 716 15
576 776 25
576 796 28
576 816 30
577 597 3
577 877 26
578 598 3
578 798 34
579 599 1
579 799 22
579 939 39
579 979 44
579 999 45
580 600 49
580 620 50
580 780 50
581 601 1
581 701 14
581 761 24
582 602 2
582 722 18
582 742 19
582 862 34
583 603 1
583 643 5
583 663 8
583 783 21
584 604 1
584 664 8
584 724 16
584 784 24
584 924 42
585 605 2
585 645 4
585 725 15
586 606 4
587 607 2
587 967 42
588 608 2
588 708 13
589 609 4
589 629 5
590 610 2
590 690 8
591 611 4
591 651 7
591 771 25
591 851 38
592 612 1
592 912 27
592 992 48
593 613 1
593 713 16
594 614 3
594 714 15
594 774 26
595 615 4
596 616 2
596 716 14
596 856 33
597 617 3
597 857 22
598 618 2
598 758 23
598 898 44
599 619 1
599 999 46
600 620 50
600 720 50
600 760 50
600 800 50
601 621 3
601 741 18
601 921 48
602 622 4
602 762 19
602 802 24
602 882 37
603 623 1
603 743 15
604 624 1
604 764 21
604 864 33
605 625 1
605 705 12
605 725 14
606 626 4
606 706 16
606 726 18
607 627 2
607 987 49
608 628 2
608 768 18
608 988 44
609 629 3
609 829 36
609 889 44
610 630 2
610 730 13
610 790 23
610 830 26
610 850 29
610 990 50
611 631 2
611 791 26
611 891 39
612 632 2
612 712 9
612 992 43
613 633 3
613 653 7
613 833 28
613 853 30
613 933 39
613 993 48
614 634 2
614 654 5
614 814 27
615 635 3
615 715 17
615 815 29
615 935 45
616 636 1
616 836 28
616 936 41
617 637 3
618 638 4
618 918 44
619 639 2
619 999 44
620 640 49
620 720 50
620 800 50
620 820 50
621 641 2
621 721 12
621 861 36
622 642 2
622 862 29
622 982 42
623 643 3
623 703 9
623 883 34
623 983 48
624 644 3
624 744 16
624 864 33
625 645 2
625 665 4
625 685 7
625 945 38
626 646 4
626 666 6
626 846 35
626 906 41
627 647 2
628 648 3
628 848 27
629 649 1
629 809 29
629 869 37
629 969 49
630 650 1
630 910 36
631 651 4
631 871 34
632 652 1
632 972 29
633 653 4
633 953 40
634 654 4
634 734 16
634 834 29
635 655 2
635 735 16
636 656 3
636 876 35
637 657 1
637 717 4
637 877 18
637 997 36
638 658 4
639 659 1
640 660 49
641 661 4
641 781 21
641 921 43
642 662 3
642 762 12
642 982 46
643 663 3
643 723 8
644 664 3
644 744 15
645 665 4
645 845 24
645 925 31
645 985 50
646 666 3
646 766 17
647 667 2
648 668 2
648 928 30
648 988 48
649 669 3
649 789 22
649 869 34
649 989 49
650 670 1
650 990 50
651 671 4
651 971 46
651 991 49
652 672 3
652 972 28
652 992 44
653 673 3
653 993 48
654 674 4
655 675 4
655 895 34
655 915 37
655 935 40
655 995 45
656 676 4
656 696 5
656 756 12
656 916 34
656 956 41
656 976 45
656 996 49
657 677 1
657 997 40
658 678 3
658 878 30
658 938 40
659 679 3
659 919 33
660 680 50
660 780 50
661 681 2
661 821 24
661 921 39
662 682 4
662 982 38
663 683 2
663 783 13
664 684 1
664 724 7
665 685 2
665 985 50
666 686 2
666 966 41
667 687 3
667 787 15
668 688 2
669 689 2
669 749 10
669 769 14
670 690 2
670 830 22
671 691 3
671 891 27
671 931 35
672 692 2
672 992 36
673 693 4
673 833 16
673 853 19
673 873 23
673 913 26
674 694 1
675 695 4
675 735 10
675 815 18
676 696 2
677 697 1
677 877 17
678 698 2
678 998 50
679 699 1
679 739 6
680 700 49
680 740 50
680 760 50
680 860 50
681 701 2
681 841 23
681 881 31
681 961 44
682 702 2
682 842 16
683 703 2
683 863 23
683 923 31
683 983 47
684 704 4
684 784 15
684 884 28
684 944 35
684 984 49
685 705 3
686 706 4
686 746 8
686 806 17
686 986 41
687 707 1
687 987 48
688 708 3
688 868 21
688 968 32
689 709 3
689 749 8
689 809 21
690 710 3
690 790 17
690 870 26
690 890 30
690 990 38
691 711 4
691 771 10
691 811 15
691 971 39
691 991 50
692 712 1
692 812 13
693 713 1
693 953 29
693 993 42
694 714 4
694 734 8
695 715 4
695 875 24
696 716 4
697 717 2
697 857 13
697 877 15
697 997 42
698 718 3
698 738 4
698 878 26
699 719 2
699 999 50
700 720 49
700 800 50
701 721 3
701 741 4
702 722 1
702 802 8
702 822 11
702 842 16
703 723 3
703 903 27
704 724 3
704 764 10
704 784 12
705 725 3
705 825 13
705 845 15
706 726 2
706 746 4
706 846 20
707 727 3
707 947 29
708 728 2
708 768 8
708 868 20
708 988 38
709 729 4
709 769 9
709 829 24
709 969 40
710 730 4
710 750 7
710 850 21
710 870 22
710 990 43
711 731 1
712 732 4
712 772 6
712 992 45
713 733 2
713 993 43
714 734 4
715 735 3
715 935 29
715 995 45
716 736 1
717 737 1
717 917 21
717 997 44
718 738 2
718 958 33
718 998 43
719 739 3
719 979 33
719 999 35
720 740 49
720 820 50
721 741 4
721 821 15
721 861 22
721 921 32
722 742 1
722 782 6
722 882 20
722 982 29
723 743 1
723 983 47
724 744 4
724 824 14
724 984 44
725 745 4
725 865 15
725 965 26
725 985 43
726 746 3
727 747 2
727 787 8
727 927 23
728 748 3
728 868 17
729 749 4
730 750 3
730 770 4
730 850 15
731 751 2
731 991 49
732 752 1
733 753 3
733 973 29
734 754 2
734 894 22
734 954 31
735 755 2
735 995 40
736 756 4
736 816 11
736 836 13
736 856 16
737 757 2
737 877 11
737 917 19
737 997 28
738 758 3
739 759 3
739 999 32
740 760 49
740 880 50
740 920 50
740 940 50
741 761 4
741 821 10
741 901 26
742 762 2
742 822 8
742 882 19
742 962 25
742 982 38
743 763 1
743 823 12
743 903 21
744 764 3
744 824 11
744 984 46
745 765 3
746 766 3
746 786 6
747 767 4
747 847 12
747 927 20
747 947 24
747 987 35
748 768 3
748 988 37
749 769 4
749 829 14
749 989 33
750 770 3
750 990 41
751 771 3
751 851 14
752 772 3
752 992 23
753 773 1
753 853 9
753 993 31
754 774 2
755 775 2
756 776 3
757 777 1
757 817 4
757 877 9
758 778 4
758 938 27
758 998 37
759 779 3
760 780 49
761 781 4
761 801 5
761 881 20
761 981 41
762 782 3
762 902 19
763 783 4
763 983 32
764 784 2
764 884 15
764 964 24
764 984 29
765 785 1
765 985 43
766 786 4
766 986 40
767 787 3
767 987 47
768 788 2
769 789 4
769 909 21
769 969 28
770 790 4
770 890 17
770 990 34
771 791 3
771 851 10
771 931 21
771 991 42
772 792 3
772 812 4
772 932 11
772 992 27
773 793 2
773 993 48
774 794 3
774 954 25
774 974 30
775 795 2
775 855 12
775 875 13
776 796 2
776 996 42
777 797 1
777 997 27
778 798 4
778 978 28
779 799 4
779 999 34
780 800 49
780 820 50
780 860 50
781 801 1
781 981 41
782 802 2
782 982 40
783 803 4
783 823 5
783 983 50
784 804 2
784 984 29
785 805 1
785 985 38
786 806 3
786 846 9
786 986 32
787 807 1
787 987 37
788 808 2
788 988 50
789 809 4
789 989 32
790 810 1
790 990 48
791 811 4
791 891 14
792 812 1
792 912 7
792 992 40
793 813 2
793 853 6
793 993 28
794 814 3
794 894 14
794 994 45
795 815 4
796 816 3
796 996 31
797 817 2
797 857 6
797 877 8
797 997 47
798 818 1
798 978 26
799 819 2
799 999 50
800 820 50
800 880 50
800 900 50
800 960 50
801 821 4
801 981 33
802 822 3
802 962 19
803 823 4
803 983 49
804 824 4
804 844 5
804 964 21
805 825 1
805 885 8
805 985 45
806 826 4
806 906 15
806 986 48
807 827 1
807 967 17
807 987 43
808 828 2
808 868 6
808 988 45
809 829 4
809 989 45
810 830 2
810 850 4
810 990 25
811 831 2
811 891 8
812 832 1
812 992 43
813 833 3
814 834 3
814 854 4
814 894 11
815 835 2
816 836 3
816 996 50
817 837 3
817 917 12
818 838 3
819 839 1
819 999 49
820 840 49
820 940 50
820 980 50
821 841 4
821 861 7
821 921 17
821 981 31
822 842 4
822 982 19
823 843 3
823 983 48
824 844 2
824 904 8
824 984 31
825 845 3
825 985 31
826 846 3
826 986 18
827 847 3
827 987 49
828 848 3
829 849 1
829 989 50
830 850 4
830 990 47
831 851 2
831 891 8
831 991 48
832 852 1
832 952 7
833 853 2
833 993 29
834 854 4
834 974 19
834 994 28
835 855 4
835 995 31
836 856 4
836 996 32
837 857 1
837 997 37
838 858 4
838 938 12
838 978 20
838 998 32
839 859 2
840 860 49
841 861 4
841 921 11
841 981 48
842 862 2
842 982 49
843 863 3
843 983 20
844 864 3
844 964 16
844 984 41
845 865 3
845 985 42
846 866 1
847 867 1
848 868 3
848 888 4
848 988 23
849 869 4
849 989 33
850 870 3
850 990 38
851 871 2
851 971 17
851 991 50
852 872 1
852 992 41
853 873 3
853 893 4
853 913 6
853 993 48
854 874 3
854 994 28
855 875 2
855 995 14
856 876 2
856 996 36
857 877 4
857 997 34
858 878 4
858 998 35
859 879 4
859 999 40
860 880 49
861 881 3
861 901 5
861 981 25
862 882 4
862 942 8
862 982 21
863 883 1
863 983 39
864 884 2
864 984 23
865 885 1
865 945 8
865 985 50
866 886 4
866 906 7
866 926 8
866 986 36
867 887 1
867 947 10
867 967 13
867 987 34
868 888 1
868 988 27
869 889 3
869 929 7
869 989 39
870 890 3
870 990 41
871 891 4
871 911 6
871 951 11
872 892 1
873 893 2
873 913 4
873 993 25
874 894 3
874 994 26
875 895 2
875 995 25
876 896 1
876 996 21
877 897 2
878 898 2
878 998 34
879 899 1
879 939 7
879 999 47
880 900 49
881 901 3
881 981 27
882 902 1
882 982 42
883 903 3
884 904 1
884 984 47
885 905 1
885 985 48
886 906 3
886 986 25
887 907 3
887 987 42
888 908 1
888 988 35
889 909 2
889 989 28
890 910 2
890 990 35
891 911 2
891 991 49
892 912 2
892 992 50
893 913 3
893 993 26
894 914 4
894 994 44
895 915 2
895 995 40
896 916 1
896 936 4
896 996 43
897 917 4
897 997 19
898 918 1
898 978 9
898 998 30
899 919 4
899 939 5
899 959 8
899 999 16
900 920 49
900 960 50
901 921 4
901 981 37
902 922 1
902 982 17
903 923 2
903 983 34
904 924 3
905 925 4
905 985 22
906 926 3
906 986 43
907 927 4
907 987 31
908 928 4
908 988 13
909 929 2
910 930 2
910 990 44
911 931 4
911 991 24
912 932 1
912 972 4
912 992 22
913 933 3
913 993 9
914 934 1
915 935 4
915 995 10
916 936 4
916 996 37
917 937 1
917 997 18
918 938 4
918 958 5
918 978 9
919 939 3
919 999 38
920 940 50
921 941 3
921 981 44
922 942 2
922 982 16
923 943 1
923 983 27
924 944 4
924 984 11
925 945 3
925 985 21
926 946 1
926 986 49
927 947 3
928 948 1
928 988 9
929 949 3
929 989 6
930 950 1
930 990 31
931 951 3
931 991 41
932 952 1
932 992 40
933 953 3
934 954 3
935 955 1
935 995 37
936 956 4
936 996 35
937 957 1
937 997 29
938 958 3
938 998 26
939 959 1
939 999 44
940 960 49
941 961 2
941 981 45
942 962 3
942 982 6
943 963 1
943 983 46
944 964 3
944 984 16
945 965 2
946 966 1
946 986 46
947 967 2
947 987 7
948 968 4
949 969 1
949 989 15
950 970 1
950 990 30
951 971 3
951 991 30
952 972 3
952 992 14
953 973 2
953 993 48
954 974 4
954 994 10
955 975 1
955 995 39
956 976 4
956 996 34
957 977 3
957 997 27
958 978 4
958 998 26
959 979 2
960 980 49
961 981 49
962 982 1
963 983 24
964 984 15
965 985 35
966 986 2
967 987 12
968 988 27
969 989 49
970 990 3
971 991 9
972 992 34
973 993 40
974 994 23
975 995 46
976 996 9
977 997 32
978 998 3
979 999 3
980 1000 50
981 1000 2
982 1000 1
983 1000 3
984 1000 1
985 1000 2
986 1000 1
987 1000 3
988 1000 3
989 1000 1
990 1000 3
991 1000 2
992 1000 1
993 1000 1
994 1000 3
995 1000 1
996 1000 2
997 1000 3
998 1000 2
999 1000 1
