999 1025 22
1 2 3 5 6 7 8 9 10 11 12 13 14 15 29 30 31 32 33 34 36 40
1 2 2
1 4 1
1 5 2
1 46 1
1 90 1
1 91 1
1 135 1
1 136 1
1 180 1
1 181 1
1 225 1
1 226 1
1 270 1
1 271 1
1 315 1
1 316 1
1 360 1
1 361 1
1 405 1
1 406 1
1 450 1
1 451 1
1 495 1
1 496 1
1 540 1
1 541 1
1 585 1
1 586 1
1 630 1
1 631 1
1 675 1
1 676 1
1 720 1
1 721 1
1 765 1
1 766 1
1 810 1
1 811 1
1 855 1
1 856 1
1 900 1
1 901 1
1 945 1
1 946 1
1 990 1
1 991 1
2 3 2
2 4 1
2 47 1
2 92 1
2 137 1
2 182 1
2 227 1
2 272 1
2 317 1
2 362 1
2 407 1
2 452 1
2 497 1
2 542 1
2 587 1
2 632 1
2 677 1
2 722 1
2 767 1
2 812 1
2 857 1
2 902 1
2 947 1
2 992 1
3 4 1
3 48 1
3 93 1
3 138 1
3 183 1
3 228 1
3 273 1
3 318 1
3 363 1
3 408 1
3 453 1
3 498 1
3 543 1
3 588 1
3 633 1
3 678 1
3 723 1
3 768 1
3 813 1
3 858 1
3 903 1
3 948 1
3 993 1
4 5 1
4 49 1
4 94 1
4 139 1
4 184 1
4 229 1
4 274 1
4 319 1
4 364 1
4 409 1
4 454 1
4 499 1
4 544 1
4 589 1
4 634 1
4 679 1
4 724 1
4 769 1
4 814 1
4 859 1
4 904 1
4 949 1
4 994 1
5 6 1
5 50 1
5 95 1
5 140 1
5 185 1
5 230 1
5 275 1
5 320 1
5 365 1
5 410 1
5 455 1
5 500 1
5 545 1
5 590 1
5 635 1
5 680 1
5 725 1
5 770 1
5 815 1
5 860 1
5 905 1
5 950 1
5 995 1
6 7 45
6 11 34
6 15 49
6 16 10
6 19 20
6 51 1
6 96 1
6 141 1
6 186 1
6 231 1
6 276 1
6 321 1
6 366 1
6 411 1
6 456 1
6 501 1
6 546 1
6 591 1
6 636 1
6 681 1
6 726 1
6 771 1
6 816 1
6 861 1
6 906 1
6 951 1
6 996 1
7 8 42
7 9 11
7 14 35
7 18 11
7 21 20
7 23 5
7 52 1
7 97 1
7 142 1
7 187 1
7 232 1
7 277 1
7 322 1
7 367 1
7 412 1
7 457 1
7 502 1
7 547 1
7 592 1
7 637 1
7 682 1
7 727 1
7 772 1
7 817 1
7 862 1
7 907 1
7 952 1
7 997 1
8 9 33
8 12 40
8 22 15
8 26 20
8 27 34
8 53 1
8 98 1
8 143 1
8 188 1
8 233 1
8 278 1
8 323 1
8 368 1
8 413 1
8 458 1
8 503 1
8 548 1
8 593 1
8 638 1
8 683 1
8 728 1
8 773 1
8 818 1
8 863 1
8 908 1
8 953 1
8 998 1
9 10 47
9 11 20
9 13 36
9 22 20
9 23 5
9 24 15
9 28 16
9 54 1
9 99 1
9 144 1
9 189 1
9 234 1
9 279 1
9 324 1
9 369 1
9 414 1
9 459 1
9 504 1
9 549 1
9 594 1
9 639 1
9 684 1
9 729 1
9 774 1
9 819 1
9 864 1
9 909 1
9 954 1
9 999 1
10 11 24
10 24 45
10 55 1
10 100 1
10 145 1
10 190 1
10 235 1
10 280 1
10 325 1
10 370 1
10 415 1
10 460 1
10 505 1
10 550 1
10 595 1
10 640 1
10 685 1
10 730 1
10 775 1
10 820 1
10 865 1
10 910 1
10 955 1
11 12 25
11 17 17
11 20 10
11 25 4
11 56 1
11 101 1
11 146 1
11 191 1
11 236 1
11 281 1
11 326 1
11 371 1
11 416 1
11 461 1
11 506 1
11 551 1
11 596 1
11 641 1
11 686 1
11 731 1
11 776 1
11 821 1
11 866 1
11 911 1
11 956 1
12 26 20
12 27 5
12 57 1
12 102 1
12 147 1
12 192 1
12 237 1
12 282 1
12 327 1
12 372 1
12 417 1
12 462 1
12 507 1
12 552 1
12 597 1
12 642 1
12 687 1
12 732 1
12 777 1
12 822 1
12 867 1
12 912 1
12 957 1
13 22 35
13 28 21
13 58 1
13 103 1
13 148 1
13 193 1
13 238 1
13 283 1
13 328 1
13 373 1
13 418 1
13 463 1
13 508 1
13 553 1
13 598 1
13 643 1
13 688 1
13 733 1
13 778 1
13 823 1
13 868 1
13 913 1
13 958 1
14 22 10
14 59 1
14 104 1
14 149 1
14 194 1
14 239 1
14 284 1
14 329 1
14 374 1
14 419 1
14 464 1
14 509 1
14 554 1
14 599 1
14 644 1
14 689 1
14 734 1
14 779 1
14 824 1
14 869 1
14 914 1
14 959 1
15 17 30
15 60 1
15 105 1
15 150 1
15 195 1
15 240 1
15 285 1
15 330 1
15 375 1
15 420 1
15 465 1
15 510 1
15 555 1
15 600 1
15 645 1
15 690 1
15 735 1
15 780 1
15 825 1
15 870 1
15 915 1
15 960 1
16 17 21
16 61 1
16 106 1
16 151 1
16 196 1
16 241 1
16 286 1
16 331 1
16 376 1
16 421 1
16 466 1
16 511 1
16 556 1
16 601 1
16 646 1
16 691 1
16 736 1
16 781 1
16 826 1
16 871 1
16 916 1
16 961 1
17 18 30
17 62 1
17 107 1
17 152 1
17 197 1
17 242 1
17 287 1
17 332 1
17 377 1
17 422 1
17 467 1
17 512 1
17 557 1
17 602 1
17 647 1
17 692 1
17 737 1
17 782 1
17 827 1
17 872 1
17 917 1
17 962 1
18 63 1
18 108 1
18 153 1
18 198 1
18 243 1
18 288 1
18 333 1
18 378 1
18 423 1
18 468 1
18 513 1
18 558 1
18 603 1
18 648 1
18 693 1
18 738 1
18 783 1
18 828 1
18 873 1
18 918 1
18 963 1
19 20 25
19 64 1
19 109 1
19 154 1
19 199 1
19 244 1
19 289 1
19 334 1
19 379 1
19 424 1
19 469 1
19 514 1
19 559 1
19 604 1
19 649 1
19 694 1
19 739 1
19 784 1
19 829 1
19 874 1
19 919 1
19 964 1
20 65 1
20 110 1
20 155 1
20 200 1
20 245 1
20 290 1
20 335 1
20 380 1
20 425 1
20 470 1
20 515 1
20 560 1
20 605 1
20 650 1
20 695 1
20 740 1
20 785 1
20 830 1
20 875 1
20 920 1
20 965 1
21 22 29
21 66 1
21 111 1
21 156 1
21 201 1
21 246 1
21 291 1
21 336 1
21 381 1
21 426 1
21 471 1
21 516 1
21 561 1
21 606 1
21 651 1
21 696 1
21 741 1
21 786 1
21 831 1
21 876 1
21 921 1
21 966 1
22 67 1
22 112 1
22 157 1
22 202 1
22 247 1
22 292 1
22 337 1
22 382 1
22 427 1
22 472 1
22 517 1
22 562 1
22 607 1
22 652 1
22 697 1
22 742 1
22 787 1
22 832 1
22 877 1
22 922 1
22 967 1
23 68 1
23 113 1
23 158 1
23 203 1
23 248 1
23 293 1
23 338 1
23 383 1
23 428 1
23 473 1
23 518 1
23 563 1
23 608 1
23 653 1
23 698 1
23 743 1
23 788 1
23 833 1
23 878 1
23 923 1
23 968 1
24 25 7
24 28 25
24 69 1
24 114 1
24 159 1
24 204 1
24 249 1
24 294 1
24 339 1
24 384 1
24 429 1
24 474 1
24 519 1
24 564 1
24 609 1
24 654 1
24 699 1
24 744 1
24 789 1
24 834 1
24 879 1
24 924 1
24 969 1
25 70 1
25 115 1
25 160 1
25 205 1
25 250 1
25 295 1
25 340 1
25 385 1
25 430 1
25 475 1
25 520 1
25 565 1
25 610 1
25 655 1
25 700 1
25 745 1
25 790 1
25 835 1
25 880 1
25 925 1
25 970 1
26 71 1
26 116 1
26 161 1
26 206 1
26 251 1
26 296 1
26 341 1
26 386 1
26 431 1
26 476 1
26 521 1
26 566 1
26 611 1
26 656 1
26 701 1
26 746 1
26 791 1
26 836 1
26 881 1
26 926 1
26 971 1
27 72 1
27 117 1
27 162 1
27 207 1
27 252 1
27 297 1
27 342 1
27 387 1
27 432 1
27 477 1
27 522 1
27 567 1
27 612 1
27 657 1
27 702 1
27 747 1
27 792 1
27 837 1
27 882 1
27 927 1
27 972 1
28 29 1
28 73 1
28 118 1
28 163 1
28 208 1
28 253 1
28 298 1
28 343 1
28 388 1
28 433 1
28 478 1
28 523 1
28 568 1
28 613 1
28 658 1
28 703 1
28 748 1
28 793 1
28 838 1
28 883 1
28 928 1
28 973 1
29 30 3
29 31 3
29 32 3
29 33 3
29 34 3
29 74 1
29 119 1
29 164 1
29 209 1
29 254 1
29 299 1
29 344 1
29 389 1
29 434 1
29 479 1
29 524 1
29 569 1
29 614 1
29 659 1
29 704 1
29 749 1
29 794 1
29 839 1
29 884 1
29 929 1
29 974 1
30 35 2
30 75 1
30 120 1
30 165 1
30 210 1
30 255 1
30 300 1
30 345 1
30 390 1
30 435 1
30 480 1
30 525 1
30 570 1
30 615 1
30 660 1
30 705 1
30 750 1
30 795 1
30 840 1
30 885 1
30 930 1
30 975 1
31 35 2
31 76 1
31 121 1
31 166 1
31 211 1
31 256 1
31 301 1
31 346 1
31 391 1
31 436 1
31 481 1
31 526 1
31 571 1
31 616 1
31 661 1
31 706 1
31 751 1
31 796 1
31 841 1
31 886 1
31 931 1
31 976 1
32 35 2
32 77 1
32 122 1
32 167 1
32 212 1
32 257 1
32 302 1
32 347 1
32 392 1
32 437 1
32 482 1
32 527 1
32 572 1
32 617 1
32 662 1
32 707 1
32 752 1
32 797 1
32 842 1
32 887 1
32 932 1
32 977 1
33 35 2
33 78 1
33 123 1
33 168 1
33 213 1
33 258 1
33 303 1
33 348 1
33 393 1
33 438 1
33 483 1
33 528 1
33 573 1
33 618 1
33 663 1
33 708 1
33 753 1
33 798 1
33 843 1
33 888 1
33 933 1
33 978 1
34 35 2
34 79 1
34 124 1
34 169 1
34 214 1
34 259 1
34 304 1
34 349 1
34 394 1
34 439 1
34 484 1
34 529 1
34 574 1
34 619 1
34 664 1
34 709 1
34 754 1
34 799 1
34 844 1
34 889 1
34 934 1
34 979 1
35 36 1
35 80 1
35 125 1
35 170 1
35 215 1
35 260 1
35 305 1
35 350 1
35 395 1
35 440 1
35 485 1
35 530 1
35 575 1
35 620 1
35 665 1
35 710 1
35 755 1
35 800 1
35 845 1
35 890 1
35 935 1
35 980 1
36 37 1
36 45 1
36 81 1
36 126 1
36 171 1
36 216 1
36 261 1
36 306 1
36 351 1
36 396 1
36 441 1
36 486 1
36 531 1
36 576 1
36 621 1
36 666 1
36 711 1
36 756 1
36 801 1
36 846 1
36 891 1
36 936 1
36 981 1
37 38 1
37 82 1
37 127 1
37 172 1
37 217 1
37 262 1
37 307 1
37 352 1
37 397 1
37 442 1
37 487 1
37 532 1
37 577 1
37 622 1
37 667 1
37 712 1
37 757 1
37 802 1
37 847 1
37 892 1
37 937 1
37 982 1
38 39 1
38 83 1
38 128 1
38 173 1
38 218 1
38 263 1
38 308 1
38 353 1
38 398 1
38 443 1
38 488 1
38 533 1
38 578 1
38 623 1
38 668 1
38 713 1
38 758 1
38 803 1
38 848 1
38 893 1
38 938 1
38 983 1
39 40 1
39 84 1
39 129 1
39 174 1
39 219 1
39 264 1
39 309 1
39 354 1
39 399 1
39 444 1
39 489 1
39 534 1
39 579 1
39 624 1
39 669 1
39 714 1
39 759 1
39 804 1
39 849 1
39 894 1
39 939 1
39 984 1
40 41 1
40 85 1
40 130 1
40 175 1
40 220 1
40 265 1
40 310 1
40 355 1
40 400 1
40 445 1
40 490 1
40 535 1
40 580 1
40 625 1
40 670 1
40 715 1
40 760 1
40 805 1
40 850 1
40 895 1
40 940 1
40 985 1
41 42 1
41 86 1
41 131 1
41 176 1
41 221 1
41 266 1
41 311 1
41 356 1
41 401 1
41 446 1
41 491 1
41 536 1
41 581 1
41 626 1
41 671 1
41 716 1
41 761 1
41 806 1
41 851 1
41 896 1
41 941 1
41 986 1
42 43 1
42 87 1
42 132 1
42 177 1
42 222 1
42 267 1
42 312 1
42 357 1
42 402 1
42 447 1
42 492 1
42 537 1
42 582 1
42 627 1
42 672 1
42 717 1
42 762 1
42 807 1
42 852 1
42 897 1
42 942 1
42 987 1
43 44 1
43 88 1
43 133 1
43 178 1
43 223 1
43 268 1
43 313 1
43 358 1
43 403 1
43 448 1
43 493 1
43 538 1
43 583 1
43 628 1
43 673 1
43 718 1
43 763 1
43 808 1
43 853 1
43 898 1
43 943 1
43 988 1
44 45 1
44 89 1
44 134 1
44 179 1
44 224 1
44 269 1
44 314 1
44 359 1
44 404 1
44 449 1
44 494 1
44 539 1
44 584 1
44 629 1
44 674 1
44 719 1
44 764 1
44 809 1
44 854 1
44 899 1
44 944 1
44 989 1
