824 1133 216
12 17 18 28 29 31 33 34 37 38 42 47 48 62 69 71 73 81 89 93 94 95 101 106 109 114 122 127 129 132 139 150 154 155 157 158 160 177 184 185 193 199 200 206 210 215 219 222 223 226 230 231 233 240 245 247 248 249 250 252 261 263 265 269 280 285 287 292 293 295 297 306 310 312 315 320 321 323 325 328 329 331 333 334 341 342 343 344 347 349 351 353 354 357 358 361 368 390 394 398 400 403 406 409 412 422 426 427 429 433 436 439 440 443 447 450 452 454 455 465 473 480 482 483 485 488 492 493 494 497 498 499 505 507 515 522 523 526 534 538 547 550 551 552 556 559 563 564 576 577 578 585 586 587 590 595 600 602 607 608 611 616 617 618 625 626 629 633 642 646 649 656 660 661 663 664 665 676 679 684 690 691 692 698 699 701 703 715 720 724 725 730 736 740 749 750 753 757 761 762 764 773 779 783 787 789 796 797 802 804 805 806 809 810 816 821
1 2 44
1 4 6
1 18 22
1 30 24
1 65 17
1 108 10
1 130 41
1 149 35
1 220 42
2 8 24
2 11 18
2 13 48
2 62 42
2 363 15
3 16 29
3 33 8
3 38 36
3 47 45
3 92 7
3 220 42
3 392 19
3 797 7
4 6 21
4 10 10
4 17 35
4 24 34
4 42 11
4 182 50
5 12 15
5 34 13
5 37 28
5 82 50
5 88 41
5 127 20
5 147 46
5 159 30
5 315 11
5 366 50
5 412 32
5 802 38
6 7 4
6 21 14
6 39 4
6 289 32
6 505 7
6 579 25
7 14 50
7 15 41
7 20 41
7 26 45
7 73 47
7 83 5
7 118 45
7 433 27
7 458 16
8 9 45
8 29 33
8 133 19
8 174 13
8 515 24
8 783 27
9 26 24
9 814 34
10 97 12
10 216 9
10 301 35
10 431 12
11 429 14
11 602 17
12 41 20
12 66 46
12 231 7
12 476 9
13 44 14
14 23 25
14 46 22
14 50 1
14 58 16
14 89 30
14 243 39
15 19 3
15 49 5
15 511 19
16 183 5
16 221 10
17 78 46
17 142 43
17 240 43
18 22 36
18 64 5
18 442 4
18 787 44
18 788 42
19 81 18
19 167 46
19 223 35
20 87 18
20 91 32
20 141 21
20 164 23
20 412 47
20 487 15
21 27 16
21 162 19
21 194 39
21 275 4
21 395 17
21 647 7
22 35 33
22 180 12
22 316 37
22 365 33
22 644 32
23 36 33
24 28 37
24 59 14
24 158 40
24 179 44
24 212 9
24 438 40
24 470 11
25 54 20
25 220 30
25 451 1
26 101 10
26 213 7
26 236 24
26 279 49
26 483 25
26 554 9
27 32 49
27 60 30
27 63 14
27 84 40
27 104 7
27 122 6
27 659 28
28 61 16
28 263 38
28 444 44
28 597 21
29 67 9
29 86 50
29 115 41
29 119 2
29 120 26
29 190 19
29 312 16
30 117 15
30 187 18
30 223 10
30 248 8
31 75 31
31 220 22
31 550 20
32 276 23
32 619 4
33 40 49
33 55 42
33 56 17
33 166 13
33 190 47
33 223 47
33 475 49
33 495 25
33 781 8
33 797 15
34 189 35
34 389 18
35 52 31
35 107 29
35 172 37
35 477 43
35 698 7
36 43 20
36 45 14
36 471 42
36 485 21
36 544 20
36 553 15
36 613 32
37 440 31
37 529 39
38 72 12
38 226 35
38 383 11
39 85 23
39 125 30
39 261 16
39 331 15
40 106 21
41 68 4
41 70 9
41 206 42
41 384 38
41 592 5
41 750 23
42 77 17
42 80 19
42 96 29
42 195 17
42 788 42
43 74 22
43 179 40
43 238 15
44 48 29
44 53 27
44 148 48
44 264 8
44 626 39
45 71 11
45 228 45
45 292 42
45 392 3
45 420 46
46 69 42
47 131 26
47 165 18
47 196 5
47 339 37
48 229 27
48 268 33
48 441 45
48 624 38
50 51 23
50 98 44
50 491 39
51 57 31
51 116 31
51 157 25
51 520 46
52 355 12
52 595 3
53 114 47
54 71 3
54 135 17
54 320 42
54 411 34
54 815 21
55 94 8
55 110 1
55 153 33
55 191 6
55 226 44
55 359 38
55 520 39
56 93 32
56 199 28
56 599 3
56 621 43
57 123 3
57 489 26
57 654 36
57 756 43
58 76 41
58 184 5
58 206 15
58 271 18
58 352 20
58 570 39
59 242 39
59 397 46
60 201 18
60 414 31
61 116 10
61 128 10
61 510 20
62 103 33
62 326 47
63 90 40
63 155 41
63 237 11
63 789 26
64 704 33
65 244 35
65 349 44
65 488 24
65 602 29
66 79 21
66 134 50
66 370 19
66 684 29
67 188 19
67 360 10
67 594 10
68 433 18
68 771 20
69 395 48
69 556 40
70 99 15
70 132 5
70 214 22
70 311 20
70 371 6
70 405 2
71 95 1
71 618 13
71 760 28
71 782 23
72 409 19
72 417 39
72 642 18
73 102 7
73 255 13
73 314 21
73 448 36
74 495 27
75 85 33
75 436 1
77 348 50
77 448 16
78 508 27
79 200 48
79 224 48
79 247 34
79 284 31
79 332 15
79 400 5
79 603 50
79 672 15
80 199 43
80 252 27
80 449 28
81 465 3
81 727 31
82 764 3
83 252 39
83 473 16
83 818 45
84 136 31
84 299 16
84 572 18
84 600 18
85 105 41
85 140 5
85 446 46
86 260 24
86 413 2
86 526 16
87 107 47
87 121 34
87 178 3
87 533 14
88 217 44
88 255 18
88 561 45
88 672 49
89 229 35
89 688 8
90 161 3
90 163 27
90 232 17
90 695 16
91 112 35
91 317 26
91 704 11
92 144 37
92 152 47
92 344 37
92 536 44
93 287 23
93 501 18
94 113 4
94 148 15
94 249 10
94 425 45
94 580 20
95 189 15
95 772 43
95 776 23
96 154 43
96 156 27
96 219 28
96 327 26
96 719 2
97 100 18
97 171 16
97 611 13
98 168 11
98 175 26
98 434 28
99 111 25
99 336 49
99 408 36
100 138 16
100 274 4
100 427 28
100 565 7
101 137 21
101 209 11
101 459 20
102 126 45
102 288 6
102 343 36
102 403 18
102 578 47
102 607 38
103 278 37
103 535 5
104 193 45
105 362 37
105 469 38
105 709 2
106 671 21
107 109 2
107 241 2
108 359 23
108 739 6
109 717 16
110 146 22
110 262 25
110 296 37
110 380 12
111 145 19
111 457 12
111 657 10
113 161 15
113 250 50
113 552 38
114 256 13
114 282 18
114 354 17
115 160 35
115 168 43
115 203 22
115 699 23
116 124 42
116 181 9
116 284 22
116 373 45
116 422 17
116 528 17
116 601 47
116 709 17
117 151 28
117 295 28
117 308 40
117 579 49
117 677 18
118 129 20
118 205 22
118 683 4
119 143 4
119 364 48
119 509 49
119 629 8
120 621 46
120 636 21
121 604 22
121 660 16
121 802 16
122 502 6
124 146 49
124 584 28
125 376 40
125 496 22
125 816 41
126 263 32
127 323 33
128 169 48
128 356 37
128 360 26
128 757 34
129 383 32
130 139 35
130 149 42
130 186 21
130 712 13
130 821 19
131 218 24
134 158 9
134 318 35
134 480 1
135 150 7
135 330 7
136 424 6
136 572 23
136 824 19
138 310 50
138 322 18
138 394 3
138 504 12
139 479 1
139 564 47
140 465 12
140 493 44
141 234 10
141 333 38
141 404 5
141 593 41
143 163 14
143 266 9
143 367 4
143 557 18
143 690 17
144 170 21
145 283 4
145 484 30
145 762 18
145 810 36
146 176 40
146 235 12
147 312 49
147 382 43
147 637 28
148 192 25
148 495 25
148 706 16
149 202 6
151 460 37
152 276 43
153 265 14
153 293 5
153 302 42
153 352 50
153 491 28
153 596 4
153 623 46
154 218 38
154 258 45
154 723 45
155 210 39
156 418 6
156 764 4
157 173 34
157 305 27
157 358 27
158 228 45
158 456 42
158 482 24
158 557 32
159 585 36
160 197 17
160 229 25
160 364 47
161 399 4
161 632 30
163 467 34
163 728 11
165 370 50
165 546 22
165 620 13
165 679 45
165 723 40
166 177 23
166 225 18
166 233 21
167 459 1
167 608 48
168 198 21
168 227 25
168 481 9
169 280 9
169 589 48
170 185 45
170 501 36
170 718 38
171 340 43
171 353 32
171 587 16
171 804 49
172 509 32
172 607 35
173 304 42
173 324 25
173 795 34
174 216 3
174 294 19
175 715 18
176 230 14
176 246 42
176 298 18
177 318 38
178 512 41
178 586 38
179 234 46
179 286 29
179 524 36
179 563 16
179 575 10
180 316 10
180 730 18
180 745 26
181 350 26
181 517 26
181 712 1
182 203 26
182 268 25
182 663 36
183 290 8
184 208 17
185 269 39
185 346 27
186 204 22
186 629 28
186 742 4
186 797 41
186 819 11
187 253 34
187 615 46
189 207 11
189 260 46
191 532 17
191 664 28
191 809 28
192 215 50
192 277 4
193 643 41
194 211 36
194 432 37
194 674 17
195 377 17
198 478 35
199 363 40
200 455 33
201 398 8
201 614 43
203 245 41
204 291 23
204 297 3
204 379 27
204 390 13
205 408 39
205 568 49
205 640 10
205 649 9
205 753 7
205 779 25
206 545 39
207 291 7
207 475 31
207 544 30
208 321 1
208 414 37
208 551 9
209 306 17
209 466 7
209 499 8
209 680 2
210 215 33
210 267 14
210 752 18
212 378 36
212 450 24
213 426 40
213 642 17
213 680 39
214 597 49
215 569 26
215 814 12
216 328 1
216 626 32
216 823 15
217 233 46
217 347 25
218 245 18
218 277 41
218 634 48
219 345 39
220 222 4
220 377 27
220 412 33
220 428 22
220 525 8
220 690 36
221 386 7
222 381 15
223 329 16
224 744 47
225 772 14
226 273 45
226 293 2
226 340 17
226 500 39
226 559 12
227 423 40
228 322 24
228 416 26
228 733 22
229 236 36
229 285 10
229 326 24
230 300 39
230 685 27
231 250 11
232 422 50
232 574 16
234 310 47
235 254 34
239 337 35
239 412 19
240 251 3
240 257 36
240 351 11
240 387 45
240 780 24
241 407 27
242 388 45
242 813 18
243 562 27
245 347 23
245 500 49
245 511 21
246 259 10
247 443 19
248 303 27
249 638 6
250 293 45
250 412 8
251 592 1
251 755 2
252 342 49
252 672 14
253 384 34
254 401 6
254 486 30
255 549 20
256 281 20
256 781 19
258 279 22
258 291 19
258 445 18
259 270 3
259 291 35
259 494 4
260 563 17
261 706 42
262 266 27
262 335 8
262 338 20
262 439 32
262 617 2
264 385 13
264 609 14
265 356 34
265 402 35
266 325 17
266 592 12
266 737 32
267 338 13
267 453 31
268 666 28
269 307 36
270 501 6
271 536 24
272 412 6
272 486 24
272 527 19
273 442 42
275 392 1
275 447 5
275 480 12
276 654 12
277 789 6
278 606 25
278 636 4
279 313 4
280 575 31
280 820 8
281 377 43
281 390 17
284 796 49
285 309 32
285 644 49
286 650 37
286 716 5
286 744 42
289 538 28
290 429 36
290 746 26
291 530 12
292 403 5
292 542 48
294 760 14
296 355 24
297 369 13
298 410 41
299 389 46
299 393 35
300 414 36
300 548 21
300 747 3
301 566 22
301 816 16
302 605 49
302 681 19
304 507 2
304 765 19
305 341 48
305 374 16
305 616 39
306 334 25
308 702 22
309 340 16
309 380 28
309 748 29
310 316 39
310 607 22
310 609 40
310 713 26
310 729 13
311 319 32
311 477 17
312 766 6
314 583 18
314 621 1
314 716 12
315 341 29
315 454 15
316 391 2
316 628 7
317 472 40
318 459 37
319 368 20
320 435 14
320 654 30
321 447 30
322 633 27
323 370 35
325 391 5
326 356 47
326 375 7
326 574 13
328 822 28
329 357 44
329 653 41
330 476 26
331 656 18
333 334 45
333 573 47
333 581 16
333 606 44
333 721 33
334 541 23
334 634 2
334 820 44
335 396 28
337 428 49
338 807 30
339 498 40
339 621 9
339 685 9
339 743 32
341 361 37
341 677 23
342 691 13
343 731 12
344 592 26
344 761 13
345 773 17
345 776 13
345 814 32
346 463 43
347 513 4
348 514 2
349 540 27
350 714 24
351 605 40
352 404 12
353 537 12
354 452 37
354 592 46
355 406 25
355 437 6
356 458 45
356 696 13
356 790 26
357 426 35
357 504 46
358 421 8
358 461 49
362 644 2
362 652 45
364 483 31
364 645 45
365 372 7
367 763 13
368 419 13
368 651 25
368 802 5
370 497 18
371 560 15
371 653 9
372 686 30
377 503 13
377 725 44
379 430 23
381 385 17
382 417 26
382 610 7
384 466 28
384 620 12
387 759 22
387 780 6
388 573 28
390 521 10
390 555 49
391 797 27
392 468 8
392 811 10
394 648 25
395 751 40
396 719 18
397 668 11
400 689 23
401 584 24
402 619 34
402 670 42
404 492 7
405 427 10
407 454 49
407 582 49
408 415 37
408 604 20
408 703 11
408 719 14
410 722 34
410 774 44
411 667 30
411 691 46
412 472 7
412 624 40
414 452 50
415 623 30
415 758 22
418 800 39
420 811 17
423 646 3
424 531 7
424 545 20
425 463 49
426 679 3
427 661 39
427 820 20
428 669 30
430 643 23
430 666 27
431 523 36
431 535 50
431 635 23
432 733 30
433 457 32
433 565 23
433 812 39
434 474 24
434 700 10
434 711 22
435 575 2
436 518 24
438 658 16
443 552 44
443 734 37
444 513 38
446 462 9
446 547 3
446 749 43
446 805 16
447 451 31
449 464 8
452 587 32
452 656 47
453 613 4
453 646 10
454 471 14
454 599 25
455 576 47
455 697 10
456 556 37
456 582 4
457 641 16
457 774 7
458 635 7
460 560 1
461 740 1
462 478 17
463 672 12
463 708 46
465 662 49
466 558 5
467 552 7
468 578 4
471 637 1
471 805 21
473 506 24
473 622 10
476 490 1
476 683 10
477 537 25
477 598 40
478 769 35
479 655 46
481 516 40
482 801 21
483 621 18
484 640 41
486 653 33
490 611 1
491 567 48
491 591 37
491 678 48
494 571 5
494 630 14
495 705 29
496 591 7
502 786 33
503 601 14
503 639 41
503 758 13
504 534 15
505 631 28
505 678 1
507 522 44
507 598 35
509 526 15
510 564 17
511 512 16
512 543 23
514 519 21
517 776 18
520 650 39
520 734 35
521 577 40
521 706 28
524 566 23
527 544 35
529 792 38
530 623 21
532 590 1
533 539 25
533 701 26
535 623 6
538 559 15
539 676 10
540 771 4
544 694 3
545 612 1
547 738 6
549 630 33
549 657 38
549 680 49
550 588 40
550 656 22
553 637 37
553 666 2
554 713 29
557 607 23
557 779 23
560 754 16
561 735 21
561 770 34
563 673 12
565 704 13
567 793 39
569 732 42
574 643 12
575 609 15
575 777 21
576 720 49
576 786 32
577 655 17
578 724 46
584 663 36
585 670 2
585 807 42
590 696 28
590 738 48
591 603 40
591 759 33
591 760 30
592 627 45
593 817 15
594 675 34
594 726 37
596 769 30
597 741 12
599 692 29
600 687 7
602 785 44
607 675 17
611 786 41
613 625 22
613 803 11
614 665 15
615 794 23
616 672 48
617 666 11
619 707 15
622 710 15
624 735 23
626 671 46
631 785 30
632 739 30
633 696 21
633 729 4
634 682 34
635 778 11
636 784 42
639 741 35
649 693 42
660 695 5
660 767 22
660 792 21
661 717 24
665 806 42
668 758 35
668 803 4
669 773 41
674 798 6
680 699 37
682 720 12
683 736 14
684 791 15
685 743 46
685 776 20
693 697 17
696 746 17
700 762 13
701 702 11
708 768 31
710 777 11
730 793 41
740 755 12
743 775 38
747 750 46
750 781 14
755 808 14
758 817 10
763 824 26
764 767 33
789 807 35
791 794 37
795 799 42
808 810 26
