700 6910 10
1 2 3 4 5 6 7 8 9 10
1 37 43
1 98 39
1 148 11
1 209 19
1 292 40
1 340 38
1 433 50
1 480 44
1 606 27
2 63 26
2 127 30
2 230 45
2 300 40
2 486 32
2 504 12
2 531 35
2 532 32
2 573 50
3 45 37
3 50 42
3 148 25
3 172 45
3 253 35
3 295 32
3 322 48
3 411 50
3 457 47
3 479 42
3 493 32
3 510 42
3 513 36
3 644 12
3 650 30
3 666 15
4 80 24
4 226 40
4 364 25
4 396 21
4 408 40
4 421 18
4 540 27
4 566 30
4 680 48
4 698 21
5 114 12
5 225 12
5 235 38
5 267 33
5 332 33
5 414 46
5 484 22
5 511 36
5 519 27
5 621 20
5 656 28
5 679 15
6 14 18
6 125 16
6 128 40
6 221 28
6 373 26
6 445 41
6 545 38
6 568 50
6 573 30
6 597 14
6 700 46
7 31 27
7 151 19
7 218 20
7 231 19
7 293 31
7 472 42
7 521 32
7 556 45
7 647 12
8 206 11
8 232 36
8 237 25
8 274 35
8 455 45
8 491 30
8 495 33
8 630 18
8 698 28
9 77 16
9 103 16
9 108 47
9 301 40
9 322 50
9 352 45
9 377 45
9 482 21
9 512 50
9 517 17
9 649 17
10 11 40
10 112 44
10 135 21
10 147 18
10 268 30
10 313 13
10 351 25
10 557 16
10 603 46
10 692 40
11 22 45
11 44 42
11 109 39
11 121 15
11 155 49
11 212 27
11 231 34
11 234 44
11 244 24
11 312 35
11 353 38
11 376 33
11 381 20
11 444 46
11 511 26
11 589 31
11 625 50
11 639 50
12 52 17
12 61 41
12 122 20
12 212 27
12 278 43
12 322 30
12 332 11
12 374 22
12 398 18
12 451 23
12 473 24
12 481 47
12 510 48
12 512 23
12 537 50
12 554 14
12 586 38
12 604 26
13 104 50
13 116 34
13 121 37
13 159 28
13 190 48
13 216 13
13 226 21
13 254 39
13 255 14
13 258 11
13 337 26
13 376 21
13 381 33
13 484 16
13 510 29
13 558 14
13 569 22
13 677 13
14 37 27
14 144 29
14 174 50
14 191 35
14 218 40
14 220 44
14 226 37
14 304 27
14 340 47
14 412 26
14 431 11
14 501 45
14 523 24
14 530 26
14 559 44
14 597 12
14 666 50
14 683 39
15 86 24
15 92 18
15 127 32
15 132 50
15 153 40
15 168 15
15 183 10
15 184 11
15 239 37
15 313 27
15 349 28
15 406 29
15 417 44
15 474 44
15 483 48
15 506 26
15 526 50
15 562 43
15 582 26
15 585 35
15 589 19
15 647 23
15 681 14
16 26 49
16 119 28
16 132 33
16 163 31
16 169 43
16 176 16
16 192 34
16 194 19
16 212 50
16 267 10
16 281 50
16 301 21
16 326 18
16 329 11
16 362 29
16 363 35
16 380 30
16 417 23
16 441 32
16 458 23
16 459 18
16 572 37
16 575 37
16 586 40
16 593 25
16 606 10
16 623 34
16 637 34
17 29 26
17 39 35
17 162 27
17 164 15
17 258 43
17 304 33
17 351 47
17 357 31
17 358 24
17 368 22
17 379 44
17 397 32
17 400 37
17 417 21
17 543 19
17 588 15
17 634 38
17 651 38
18 50 11
18 59 43
18 85 18
18 130 49
18 186 11
18 272 16
18 291 27
18 300 27
18 301 23
18 302 41
18 319 22
18 332 16
18 361 27
18 413 43
18 443 29
18 493 21
18 511 18
18 520 37
18 536 11
18 589 10
18 668 21
18 692 44
18 699 46
18 700 44
19 42 35
19 78 31
19 84 29
19 108 41
19 118 43
19 187 13
19 200 40
19 221 35
19 247 29
19 275 17
19 290 49
19 306 38
19 308 26
19 394 49
19 396 33
19 404 19
19 469 35
19 489 15
19 504 18
19 524 23
19 625 39
19 636 35
19 644 38
19 652 35
19 683 40
19 684 34
20 69 29
20 193 24
20 327 22
20 442 28
20 493 11
20 499 16
20 504 37
20 599 37
20 610 49
20 611 42
20 617 27
20 623 13
20 634 11
20 661 49
20 675 39
20 679 48
20 691 30
21 133 20
21 148 18
21 150 38
21 168 31
21 189 23
21 214 40
21 225 10
21 256 40
21 300 12
21 312 21
21 328 25
21 331 47
21 366 11
21 412 27
21 454 41
21 528 26
21 570 50
21 582 43
21 600 33
21 640 24
21 658 50
22 29 35
22 121 16
22 130 46
22 135 44
22 142 19
22 170 31
22 179 34
22 262 29
22 274 14
22 317 45
22 443 39
22 462 20
22 545 32
22 600 40
22 673 41
23 34 26
23 67 41
23 87 15
23 92 39
23 94 49
23 101 32
23 111 32
23 113 41
23 126 10
23 233 14
23 346 36
23 350 11
23 432 50
23 457 31
23 459 13
23 482 39
23 506 45
23 517 14
23 566 45
23 589 34
23 592 26
23 616 50
24 44 35
24 127 29
24 129 13
24 142 41
24 182 20
24 202 41
24 304 20
24 370 19
24 407 34
24 425 46
24 438 27
24 443 34
24 453 25
24 457 27
24 494 40
24 501 13
24 520 39
24 561 45
24 598 44
24 606 18
24 644 46
25 50 47
25 98 32
25 131 38
25 169 39
25 242 11
25 248 31
25 289 19
25 341 47
25 357 32
25 361 45
25 373 22
25 410 17
25 412 13
25 417 47
25 462 17
25 561 44
25 573 22
25 652 12
26 27 39
26 41 10
26 87 31
26 152 31
26 163 41
26 190 40
26 192 33
26 227 28
26 252 17
26 344 12
26 368 38
26 459 32
26 461 43
26 509 36
26 545 16
26 587 34
26 595 14
26 699 43
27 52 20
27 54 14
27 58 50
27 126 22
27 168 22
27 213 11
27 354 19
27 369 26
27 395 28
27 402 33
27 423 25
27 426 24
27 549 12
27 590 10
27 689 34
28 35 48
28 124 24
28 166 35
28 172 49
28 175 27
28 188 26
28 228 46
28 269 32
28 271 43
28 306 37
28 373 18
28 402 34
28 407 40
28 442 36
28 452 25
28 462 26
28 492 46
28 555 34
28 645 22
28 680 24
28 687 34
29 34 36
29 139 16
29 178 32
29 216 45
29 243 40
29 250 21
29 266 26
29 269 42
29 301 11
29 328 44
29 344 40
29 407 43
29 439 37
29 495 40
29 548 10
29 575 23
29 677 36
29 686 48
30 46 15
30 53 32
30 55 28
30 58 19
30 79 16
30 109 14
30 150 27
30 155 28
30 165 18
30 387 27
30 388 11
30 432 33
30 451 28
30 479 25
30 507 40
30 548 17
30 552 50
30 591 17
30 618 23
30 626 42
30 632 39
30 646 24
30 670 36
31 39 45
31 40 15
31 89 27
31 300 20
31 308 44
31 309 34
31 380 37
31 391 17
31 406 44
31 427 16
31 441 23
31 503 48
31 535 40
31 536 12
31 550 42
31 630 13
31 681 36
31 689 44
32 75 25
32 89 18
32 165 10
32 237 42
32 269 24
32 285 49
32 310 47
32 341 34
32 476 39
32 499 35
32 549 44
32 576 30
32 597 10
32 639 29
32 646 18
32 658 30
32 694 28
33 44 15
33 82 17
33 144 19
33 162 39
33 231 10
33 260 39
33 278 40
33 293 18
33 346 17
33 371 33
33 374 50
33 419 39
33 440 49
33 443 24
33 485 30
33 490 18
33 494 29
33 500 17
33 509 27
33 595 32
33 628 42
33 662 11
33 668 35
33 672 12
33 673 10
33 676 41
34 129 28
34 188 28
34 269 30
34 310 26
34 338 49
34 342 14
34 391 14
34 393 23
34 459 20
34 468 46
34 489 14
34 492 40
34 517 49
34 559 26
34 631 26
34 643 19
34 664 26
34 682 41
34 695 17
35 58 15
35 173 33
35 179 50
35 196 11
35 228 50
35 235 33
35 239 17
35 255 47
35 264 47
35 284 48
35 289 12
35 346 31
35 350 38
35 377 18
35 419 49
35 520 47
35 532 14
35 574 34
35 628 29
36 44 14
36 86 19
36 168 48
36 245 45
36 270 46
36 316 20
36 330 37
36 340 29
36 362 25
36 380 17
36 381 49
36 473 25
36 521 16
36 550 20
36 591 15
36 631 45
36 636 41
36 643 24
36 693 22
36 699 43
37 55 33
37 119 15
37 168 30
37 216 20
37 266 39
37 303 27
37 324 48
37 353 29
37 359 41
37 389 42
37 391 28
37 404 45
37 407 44
37 454 16
37 468 38
37 568 27
37 664 21
37 683 30
37 690 47
38 46 33
38 49 21
38 75 14
38 93 23
38 224 35
38 230 48
38 242 29
38 253 27
38 274 48
38 287 11
38 301 42
38 327 41
38 341 24
38 363 31
38 369 46
38 408 20
38 439 23
38 544 44
38 580 47
38 610 39
39 76 25
39 89 23
39 106 19
39 122 11
39 133 13
39 170 36
39 249 41
39 295 12
39 298 28
39 314 25
39 323 32
39 326 26
39 373 46
39 401 16
39 448 11
39 457 41
39 463 34
39 544 39
39 568 23
39 656 17
39 658 40
39 666 33
40 69 27
40 106 40
40 164 29
40 209 33
40 214 17
40 281 41
40 401 11
40 476 49
40 480 22
40 487 49
40 492 25
40 503 36
40 512 24
40 574 28
40 580 44
40 635 31
40 652 26
40 656 11
40 680 37
40 693 22
41 62 38
41 77 20
41 118 50
41 205 39
41 212 17
41 243 12
41 245 39
41 254 50
41 285 46
41 294 36
41 386 32
41 420 43
41 440 47
41 509 19
41 563 22
41 575 16
41 617 47
41 645 26
41 659 40
41 683 10
42 75 32
42 81 31
42 130 30
42 137 26
42 193 46
42 249 26
42 262 43
42 347 27
42 363 13
42 433 24
42 546 49
42 551 29
42 565 30
42 599 14
42 609 41
42 613 40
42 649 15
42 682 10
42 683 29
42 689 47
43 66 31
43 86 48
43 108 31
43 123 48
43 134 37
43 221 49
43 268 39
43 285 38
43 303 38
43 321 41
43 355 26
43 378 38
43 425 43
43 428 47
43 444 18
43 532 21
43 620 25
43 627 24
44 94 36
44 107 14
44 128 43
44 138 24
44 163 48
44 207 12
44 260 34
44 262 17
44 276 40
44 283 35
44 394 41
44 533 31
44 536 22
44 590 24
44 595 27
44 633 25
45 47 20
45 64 17
45 69 25
45 107 41
45 124 20
45 161 31
45 217 45
45 225 29
45 270 36
45 274 31
45 297 12
45 323 32
45 331 25
45 371 46
45 434 17
45 454 15
45 543 46
45 547 27
45 561 42
45 565 29
45 583 37
45 613 48
46 89 18
46 104 21
46 230 19
46 231 20
46 239 42
46 290 26
46 315 33
46 385 19
46 396 32
46 409 50
46 410 28
46 431 42
46 449 41
46 519 20
46 622 50
46 624 44
46 653 31
46 671 32
46 686 12
46 690 13
47 57 38
47 79 29
47 101 43
47 131 35
47 150 14
47 155 32
47 156 26
47 158 32
47 237 18
47 242 19
47 266 24
47 295 16
47 319 50
47 351 38
47 363 33
47 414 25
47 438 19
47 494 32
47 510 49
47 511 28
47 512 26
47 536 40
47 646 49
48 51 21
48 62 45
48 212 26
48 269 31
48 270 36
48 310 34
48 343 17
48 357 32
48 361 30
48 401 24
48 417 28
48 474 39
48 509 38
48 520 31
48 546 29
48 581 47
48 678 19
48 699 31
49 100 34
49 115 39
49 117 22
49 164 26
49 171 43
49 178 25
49 184 40
49 211 45
49 213 49
49 247 21
49 332 32
49 345 40
49 426 26
49 439 25
49 613 15
49 625 25
50 92 26
50 137 25
50 146 15
50 188 46
50 247 13
50 252 47
50 277 32
50 281 34
50 370 43
50 395 38
50 408 41
50 483 33
50 501 42
50 507 33
50 508 32
50 603 16
50 622 14
50 630 21
50 645 29
51 57 29
51 89 28
51 108 49
51 227 50
51 291 48
51 413 49
51 415 36
51 459 19
51 463 44
51 472 13
51 503 34
51 504 49
51 514 28
51 515 16
51 539 45
51 579 33
51 604 31
51 626 11
51 665 14
51 697 24
52 83 25
52 104 13
52 184 14
52 213 27
52 223 28
52 248 24
52 270 10
52 293 29
52 301 33
52 364 14
52 378 20
52 411 42
52 452 31
52 479 10
52 503 10
52 547 26
52 588 25
52 608 17
52 620 48
52 673 41
52 693 36
52 695 13
53 59 21
53 83 19
53 107 13
53 158 42
53 177 32
53 207 28
53 265 36
53 329 30
53 395 22
53 400 24
53 471 36
53 473 27
53 513 36
53 522 34
53 525 37
53 532 35
53 538 23
53 539 16
53 547 22
53 602 20
53 637 39
54 102 13
54 123 23
54 149 10
54 166 41
54 211 13
54 244 31
54 259 23
54 282 21
54 292 39
54 340 25
54 354 16
54 412 18
54 441 48
54 476 35
54 520 42
54 534 23
54 608 42
54 635 20
54 696 48
55 74 12
55 84 44
55 119 47
55 147 36
55 218 44
55 237 34
55 309 49
55 347 48
55 371 27
55 386 42
55 390 31
55 422 11
55 425 38
55 449 27
55 450 34
55 494 18
55 538 24
55 566 10
55 622 31
55 627 22
55 634 18
55 669 34
55 693 17
56 85 21
56 88 28
56 92 49
56 173 20
56 189 23
56 195 35
56 212 27
56 237 12
56 286 19
56 334 36
56 338 16
56 370 38
56 375 25
56 421 39
56 424 30
56 456 25
56 503 33
56 518 12
56 539 30
56 541 37
56 614 17
56 647 35
56 655 48
56 668 31
57 79 17
57 91 22
57 109 16
57 175 31
57 183 26
57 309 17
57 314 10
57 377 34
57 419 27
57 435 11
57 452 50
57 453 33
57 617 40
57 633 28
57 668 21
57 679 33
58 112 10
58 191 42
58 200 40
58 221 19
58 299 34
58 320 15
58 363 26
58 366 32
58 369 14
58 437 18
58 441 41
58 467 37
58 506 13
58 588 29
58 592 26
58 613 21
58 621 39
58 680 50
59 60 40
59 73 29
59 123 40
59 127 40
59 281 46
59 294 20
59 332 15
59 364 48
59 388 14
59 436 13
59 490 48
59 496 48
59 552 36
59 596 41
59 661 26
59 686 31
60 114 37
60 242 39
60 249 36
60 265 13
60 334 10
60 361 32
60 387 23
60 420 32
60 447 31
60 495 43
60 517 42
60 554 18
60 638 45
61 82 27
61 108 47
61 119 32
61 130 35
61 131 18
61 171 34
61 174 18
61 210 34
61 227 11
61 238 23
61 357 12
61 393 50
61 483 17
61 486 32
61 488 12
61 521 44
61 555 40
61 614 39
61 620 28
61 624 45
61 626 19
61 670 22
61 686 38
62 63 23
62 74 17
62 221 18
62 235 42
62 242 10
62 333 36
62 366 41
62 381 39
62 420 15
62 436 31
62 514 36
62 533 29
62 544 11
62 571 26
62 605 22
62 645 26
62 663 15
62 686 13
63 173 46
63 189 45
63 206 46
63 304 35
63 309 43
63 339 23
63 341 47
63 357 30
63 442 27
63 454 30
63 464 16
63 501 23
63 508 37
63 513 26
63 589 24
63 631 33
63 655 18
63 679 41
64 66 28
64 86 31
64 100 20
64 116 42
64 126 10
64 161 22
64 217 34
64 294 35
64 304 20
64 312 18
64 316 43
64 349 12
64 368 21
64 423 44
64 456 46
64 517 14
64 524 43
64 545 47
64 552 29
64 599 30
64 640 16
64 643 36
65 70 46
65 73 18
65 117 34
65 152 18
65 157 33
65 224 11
65 247 50
65 272 10
65 336 16
65 373 37
65 397 47
65 418 25
65 465 29
65 512 33
65 541 46
65 604 46
65 634 18
65 683 19
65 684 30
65 687 28
65 691 26
66 157 43
66 169 17
66 178 43
66 202 28
66 215 20
66 261 12
66 262 38
66 292 35
66 306 45
66 414 14
66 448 43
66 451 23
66 506 32
66 532 22
66 590 18
66 601 46
66 639 11
66 646 19
67 75 17
67 76 11
67 87 42
67 110 33
67 177 12
67 193 35
67 251 42
67 358 12
67 368 13
67 456 46
67 485 35
67 510 23
67 515 33
67 521 40
67 526 30
67 604 26
67 680 34
68 99 31
68 123 21
68 137 42
68 149 39
68 154 41
68 161 33
68 222 36
68 244 26
68 325 23
68 340 43
68 415 33
68 421 47
68 441 38
68 541 22
68 548 33
68 553 36
68 555 39
68 605 29
68 611 10
69 75 49
69 124 32
69 136 43
69 141 16
69 169 32
69 249 48
69 268 34
69 289 17
69 291 24
69 366 35
69 394 30
69 440 31
69 470 33
69 544 23
69 646 36
69 674 45
70 93 40
70 114 49
70 172 28
70 226 46
70 251 49
70 276 48
70 313 14
70 385 45
70 439 39
70 446 26
70 457 19
70 488 46
70 536 28
70 562 47
70 635 37
70 674 28
71 98 30
71 189 15
71 200 11
71 227 50
71 260 12
71 285 20
71 344 48
71 383 28
71 467 48
71 502 12
71 512 34
71 537 40
71 583 16
71 601 19
71 609 12
71 638 44
72 124 19
72 173 21
72 179 15
72 251 30
72 292 11
72 294 11
72 307 31
72 322 13
72 329 10
72 340 50
72 371 33
72 390 23
72 392 28
72 429 21
72 449 41
72 522 36
72 555 46
72 582 10
73 106 13
73 116 26
73 128 30
73 214 36
73 244 49
73 297 37
73 314 10
73 466 11
73 505 34
73 521 49
73 551 29
73 597 16
73 619 20
73 622 11
73 642 15
73 658 26
73 669 41
74 81 20
74 83 25
74 93 42
74 108 18
74 189 16
74 201 26
74 203 18
74 221 13
74 225 30
74 248 26
74 278 34
74 305 29
74 344 13
74 359 19
74 384 30
74 581 45
74 626 24
74 651 48
75 87 30
75 98 20
75 118 15
75 131 21
75 208 37
75 269 17
75 283 10
75 335 38
75 396 48
75 398 27
75 422 41
75 432 49
75 441 18
75 444 30
75 455 44
75 473 12
75 502 33
75 548 42
75 585 19
75 607 28
75 642 10
76 181 38
76 228 29
76 301 29
76 330 25
76 334 16
76 365 47
76 381 20
76 404 49
76 419 33
76 463 43
76 492 46
76 592 34
76 673 11
77 92 39
77 143 24
77 157 44
77 196 13
77 275 48
77 331 16
77 332 42
77 354 46
77 360 48
77 381 20
77 463 35
77 465 47
77 559 28
77 593 17
77 594 19
77 601 31
77 615 18
77 623 23
77 659 28
78 139 11
78 151 17
78 186 10
78 207 50
78 210 23
78 213 17
78 285 18
78 326 50
78 336 50
78 359 35
78 373 45
78 398 38
78 438 12
78 446 47
78 466 18
78 479 42
78 608 33
78 628 27
78 638 21
79 105 12
79 134 30
79 136 26
79 158 25
79 160 40
79 184 24
79 264 12
79 319 50
79 338 23
79 356 40
79 412 17
79 442 23
79 443 23
79 459 30
79 537 30
79 547 40
79 564 14
79 654 36
79 677 48
80 153 39
80 216 48
80 239 16
80 261 22
80 269 46
80 280 14
80 304 10
80 324 42
80 327 35
80 470 49
80 499 36
80 526 37
80 594 27
80 599 40
80 646 27
81 145 45
81 150 10
81 176 22
81 183 32
81 190 13
81 284 41
81 302 23
81 316 35
81 385 27
81 387 42
81 439 18
81 444 20
81 501 49
81 520 50
81 524 12
81 605 31
81 628 21
81 672 15
81 681 20
82 111 48
82 119 44
82 148 46
82 166 39
82 212 27
82 221 10
82 232 50
82 253 19
82 309 19
82 316 42
82 425 22
82 466 42
82 533 44
82 554 38
82 622 25
82 636 31
82 657 41
82 692 26
83 112 37
83 162 11
83 164 12
83 201 10
83 320 49
83 347 21
83 388 49
83 414 11
83 436 23
83 498 22
83 527 13
83 560 23
83 588 14
83 591 19
83 625 25
83 632 47
83 644 45
83 669 39
83 675 25
83 678 45
84 111 41
84 116 45
84 180 36
84 197 20
84 233 38
84 252 24
84 279 13
84 309 12
84 311 31
84 329 34
84 344 38
84 375 42
84 444 38
84 480 39
84 551 34
84 601 28
84 666 27
85 129 20
85 182 36
85 198 19
85 256 26
85 283 37
85 319 22
85 356 11
85 417 41
85 418 31
85 460 15
85 506 27
85 568 21
85 577 11
85 658 49
85 671 32
86 127 15
86 134 10
86 202 39
86 284 15
86 301 31
86 310 24
86 369 30
86 393 12
86 441 27
86 445 18
86 446 24
86 542 47
86 600 47
86 633 35
86 675 44
86 692 35
86 693 18
87 101 44
87 105 42
87 142 43
87 179 25
87 224 42
87 229 45
87 254 23
87 383 45
87 395 43
87 427 37
87 488 19
87 548 39
87 612 18
87 613 26
87 655 12
87 677 12
88 104 26
88 163 27
88 165 28
88 256 36
88 376 12
88 396 48
88 406 39
88 433 24
88 461 36
88 519 41
88 528 34
88 550 14
88 551 46
88 560 40
88 561 47
88 571 48
88 620 27
88 622 22
88 696 13
88 700 39
89 132 35
89 137 46
89 206 43
89 316 17
89 369 21
89 384 18
89 409 35
89 410 50
89 422 41
89 423 15
89 528 16
89 620 31
89 635 34
89 649 31
89 685 28
90 98 22
90 163 24
90 170 27
90 179 48
90 250 45
90 297 45
90 319 12
90 346 46
90 356 19
90 541 48
90 551 10
90 579 44
90 601 41
90 620 40
90 627 38
90 664 36
90 682 43
91 162 26
91 211 25
91 239 17
91 270 13
91 305 42
91 318 44
91 353 18
91 373 32
91 449 29
91 478 42
91 484 24
91 508 50
91 641 50
91 657 46
91 683 10
92 243 22
92 244 40
92 315 15
92 328 31
92 351 32
92 387 48
92 408 33
92 429 46
92 436 44
92 451 44
92 512 31
92 521 21
92 530 21
92 664 35
92 700 33
93 140 48
93 159 28
93 186 22
93 216 14
93 219 49
93 296 28
93 315 13
93 318 36
93 325 35
93 327 29
93 379 42
93 398 34
93 485 26
93 504 30
93 526 24
93 552 23
93 577 33
93 583 30
93 603 23
93 629 24
93 652 22
93 653 26
93 683 31
94 152 14
94 154 34
94 181 41
94 231 42
94 297 30
94 311 41
94 326 36
94 375 44
94 416 30
94 470 11
94 616 31
94 638 14
94 670 43
94 677 28
94 682 13
94 690 48
95 135 33
95 155 40
95 166 11
95 181 26
95 223 48
95 271 43
95 280 50
95 293 20
95 299 43
95 311 25
95 370 41
95 399 47
95 402 18
95 456 34
95 572 50
95 645 17
95 646 21
95 650 43
95 683 21
96 325 21
96 345 20
96 348 16
96 389 12
96 409 21
96 427 25
96 442 30
96 455 49
96 466 47
96 482 33
96 494 17
96 497 25
96 515 48
96 526 36
96 558 47
96 573 10
96 608 14
96 645 15
97 116 38
97 118 40
97 124 29
97 146 33
97 234 29
97 242 43
97 260 49
97 265 48
97 267 43
97 275 25
97 283 19
97 313 44
97 359 45
97 361 31
97 390 35
97 446 12
97 517 21
97 667 44
98 105 38
98 129 32
98 158 45
98 195 27
98 198 25
98 202 47
98 288 23
98 289 26
98 377 39
98 402 33
98 405 19
98 422 24
98 434 27
98 448 26
98 453 27
98 466 14
98 494 28
98 516 35
98 641 43
98 660 41
98 681 10
98 690 32
99 112 31
99 115 14
99 130 33
99 142 18
99 162 14
99 188 19
99 225 37
99 265 27
99 275 49
99 483 23
99 539 39
99 620 29
99 641 10
99 642 12
100 233 10
100 235 38
100 246 40
100 251 19
100 253 36
100 293 11
100 308 37
100 334 12
100 364 26
100 386 44
100 397 10
100 410 42
100 538 14
100 545 12
100 557 11
100 627 31
100 629 37
100 659 24
101 191 26
101 309 46
101 327 26
101 362 37
101 368 12
101 380 27
101 433 25
101 455 14
101 474 11
101 535 46
101 550 30
101 673 27
102 104 23
102 118 49
102 130 35
102 257 12
102 262 21
102 309 30
102 365 38
102 387 26
102 388 22
102 441 32
102 474 41
102 507 10
102 575 35
102 605 41
102 637 27
102 681 18
103 106 20
103 197 22
103 199 37
103 248 37
103 264 45
103 332 46
103 421 32
103 424 13
103 479 27
103 513 31
103 538 18
103 572 37
103 617 27
103 624 42
103 650 13
103 651 48
103 680 27
104 115 36
104 206 41
104 208 16
104 241 48
104 292 33
104 306 49
104 315 28
104 403 46
104 421 28
104 429 21
104 459 22
104 589 42
104 596 41
104 619 43
104 622 17
104 636 23
105 166 38
105 173 45
105 254 11
105 263 23
105 273 28
105 282 26
105 299 10
105 316 37
105 349 20
105 357 35
105 362 38
105 392 34
105 432 30
105 438 25
105 463 12
105 504 40
105 519 10
105 572 38
105 634 41
105 646 50
105 663 25
105 679 48
105 684 44
106 155 19
106 226 49
106 261 22
106 268 19
106 355 11
106 357 27
106 367 33
106 368 44
106 422 42
106 481 48
106 493 18
106 579 26
106 640 17
107 252 37
107 256 27
107 261 28
107 263 34
107 355 18
107 356 32
107 399 25
107 413 26
107 462 12
107 509 13
107 544 34
107 567 27
107 580 23
107 581 46
107 590 33
107 646 47
107 661 22
108 127 47
108 147 40
108 230 31
108 231 21
108 245 10
108 328 24
108 389 49
108 395 15
108 404 47
108 430 44
108 504 27
108 513 46
108 519 21
108 553 19
108 559 34
108 602 26
108 612 29
109 111 47
109 118 47
109 125 26
109 228 27
109 288 36
109 290 33
109 308 38
109 362 46
109 377 47
109 393 49
109 518 41
109 543 39
109 603 11
109 611 31
109 625 30
109 656 22
109 657 21
109 695 23
110 142 26
110 163 26
110 171 18
110 180 37
110 188 33
110 272 44
110 274 44
110 284 46
110 365 22
110 382 41
110 458 43
110 469 17
110 494 29
110 533 47
110 539 23
110 562 15
110 606 44
110 609 31
110 650 19
110 662 49
111 128 39
111 159 36
111 199 41
111 220 28
111 356 23
111 376 46
111 397 38
111 425 35
111 492 49
111 536 31
111 540 43
111 549 12
111 684 22
111 692 41
111 697 36
112 123 40
112 156 33
112 158 16
112 204 15
112 255 19
112 304 37
112 308 12
112 324 12
112 353 15
112 396 19
112 429 37
112 440 46
112 459 10
112 498 45
112 590 45
113 165 29
113 179 49
113 193 49
113 237 10
113 243 10
113 272 47
113 299 20
113 334 27
113 366 11
113 372 47
113 437 19
113 470 18
113 482 44
113 484 35
113 493 46
113 495 45
113 524 19
113 535 10
113 536 44
113 577 25
113 641 49
113 693 47
114 165 38
114 167 50
114 194 11
114 201 15
114 231 19
114 326 31
114 336 20
114 349 32
114 451 41
114 491 14
114 503 31
114 512 31
114 513 38
114 523 50
114 566 38
114 591 50
114 629 27
115 130 27
115 139 49
115 142 26
115 168 11
115 170 13
115 176 36
115 226 32
115 248 25
115 289 39
115 293 27
115 331 30
115 335 32
115 366 37
115 372 31
115 392 39
115 437 28
115 439 34
115 449 34
115 572 17
115 595 11
115 606 13
115 662 28
115 673 41
116 123 18
116 160 29
116 164 20
116 225 38
116 255 10
116 304 38
116 326 30
116 333 19
116 441 13
116 601 47
116 670 15
117 163 42
117 171 14
117 205 28
117 210 22
117 229 16
117 269 42
117 388 17
117 391 40
117 405 19
117 479 43
117 483 42
117 490 41
117 497 39
117 522 37
117 537 30
117 547 34
117 567 46
117 582 25
117 593 40
117 613 10
117 648 20
117 667 49
117 692 38
118 229 45
118 355 16
118 361 27
118 394 27
118 429 34
118 477 33
118 489 31
118 506 10
118 540 38
118 543 45
118 584 27
118 657 32
119 122 13
119 195 48
119 214 50
119 303 35
119 367 24
119 371 34
119 387 24
119 456 47
119 567 48
119 573 48
119 599 27
119 613 42
119 615 13
119 616 12
119 656 42
119 668 49
120 122 46
120 215 19
120 317 11
120 324 47
120 352 49
120 367 39
120 395 24
120 397 13
120 404 27
120 419 50
120 437 27
120 444 13
120 458 11
120 523 11
120 531 13
120 542 14
120 582 32
120 601 43
120 603 11
120 612 37
120 619 14
120 694 28
121 188 28
121 195 39
121 209 13
121 286 49
121 322 24
121 355 20
121 393 41
121 461 20
121 494 45
121 531 31
121 540 42
121 609 39
121 618 32
122 128 35
122 143 23
122 144 33
122 162 12
122 168 13
122 170 40
122 182 10
122 199 48
122 228 37
122 231 47
122 296 37
122 302 13
122 355 13
122 368 15
122 504 29
122 606 21
122 634 23
122 668 47
123 138 35
123 147 30
123 153 18
123 194 26
123 224 44
123 290 32
123 295 41
123 385 46
123 432 39
123 492 32
123 525 38
123 528 29
123 545 33
123 637 25
123 652 46
123 682 23
123 691 28
124 156 34
124 209 43
124 245 46
124 254 18
124 280 23
124 333 18
124 365 12
124 368 31
124 387 20
124 393 31
124 445 49
124 543 35
124 548 36
124 593 17
124 602 16
124 649 50
124 671 34
125 127 41
125 224 14
125 225 42
125 226 35
125 233 21
125 241 26
125 278 17
125 326 27
125 339 50
125 342 32
125 405 48
125 431 11
125 533 24
125 541 17
125 543 45
125 558 49
125 596 32
125 651 12
126 150 15
126 156 49
126 198 10
126 219 50
126 241 25
126 258 10
126 267 30
126 279 23
126 286 48
126 291 13
126 302 18
126 328 33
126 334 19
126 389 14
126 391 10
126 558 39
126 595 23
126 635 41
126 672 47
127 135 23
127 195 30
127 229 38
127 268 36
127 269 40
127 284 44
127 409 14
127 454 44
127 468 13
127 530 24
127 569 49
127 597 24
127 634 12
127 685 41
128 156 43
128 189 41
128 201 21
128 218 29
128 258 26
128 288 24
128 315 48
128 328 49
128 336 38
128 340 36
128 360 41
128 404 31
128 422 37
128 423 36
128 426 20
128 443 32
128 493 34
128 691 37
129 231 25
129 325 50
129 337 23
129 401 28
129 403 24
129 406 25
129 503 24
129 507 37
129 525 33
129 535 39
129 552 12
129 584 11
129 592 48
129 601 17
129 604 10
129 690 29
130 153 19
130 176 40
130 246 37
130 247 23
130 272 19
130 276 34
130 279 16
130 312 24
130 380 30
130 403 48
130 427 49
130 440 28
130 577 19
130 660 20
130 672 20
131 226 18
131 235 44
131 377 32
131 394 30
131 397 16
131 424 41
131 635 37
131 654 26
131 658 34
131 671 38
132 175 17
132 247 29
132 254 17
132 264 33
132 352 47
132 499 46
132 502 29
132 508 36
132 512 39
132 571 33
132 576 27
132 596 23
132 602 43
132 655 28
132 665 19
132 689 16
133 179 12
133 192 42
133 208 27
133 215 47
133 218 36
133 266 24
133 286 34
133 315 36
133 351 20
133 383 24
133 398 28
133 454 28
133 502 24
133 504 36
133 506 17
133 509 13
133 595 24
133 617 32
133 618 38
133 641 25
133 655 21
133 687 31
133 700 25
134 137 23
134 143 40
134 150 10
134 162 42
134 175 23
134 176 48
134 200 29
134 221 21
134 354 43
134 387 20
134 408 26
134 417 42
134 482 42
134 652 26
134 679 15
135 139 12
135 144 22
135 180 41
135 243 22
135 326 29
135 421 36
135 441 50
135 445 36
135 447 28
135 449 42
135 485 34
135 488 20
135 492 47
135 583 19
135 644 25
135 698 38
136 197 26
136 245 31
136 258 25
136 320 46
136 343 41
136 380 28
136 496 23
136 531 21
136 566 21
136 567 15
136 570 19
136 599 43
136 636 16
136 670 45
136 673 25
137 182 49
137 191 19
137 261 50
137 285 22
137 315 46
137 366 28
137 374 26
137 427 11
137 526 12
137 531 36
137 545 25
137 552 36
137 554 21
137 637 49
137 695 17
138 201 50
138 220 31
138 283 29
138 353 48
138 369 21
138 399 13
138 445 41
138 451 50
138 494 44
138 522 33
138 526 36
138 581 13
138 621 21
138 625 18
138 652 10
138 686 11
139 225 35
139 236 44
139 237 19
139 280 33
139 418 43
139 432 25
139 433 19
139 434 49
139 448 50
139 450 49
139 456 36
139 497 49
139 519 20
139 532 45
139 533 12
139 549 24
139 612 27
139 640 18
139 674 34
140 158 24
140 159 42
140 176 12
140 243 45
140 254 33
140 262 31
140 273 45
140 359 50
140 426 22
140 469 35
140 491 26
140 515 30
140 530 10
140 541 45
140 577 48
141 151 49
141 152 12
141 207 36
141 241 23
141 310 10
141 357 25
141 373 41
141 387 23
141 388 37
141 406 42
141 409 42
141 469 13
141 512 41
141 544 50
141 593 25
141 627 46
141 638 28
141 668 42
141 678 48
141 679 12
142 169 10
142 215 44
142 298 37
142 342 23
142 384 27
142 415 35
142 424 19
142 449 11
142 487 20
142 511 26
142 542 34
142 552 17
142 586 16
142 637 11
142 647 27
142 657 18
142 658 27
143 159 12
143 166 16
143 174 34
143 177 28
143 192 33
143 205 40
143 296 34
143 340 42
143 351 47
143 363 38
143 375 16
143 384 48
143 399 24
143 412 35
143 492 10
143 530 39
143 538 21
143 540 24
143 595 47
143 597 11
143 652 44
143 653 13
144 218 36
144 314 44
144 327 12
144 374 26
144 439 17
144 449 42
144 481 25
144 495 19
144 556 35
144 629 40
144 680 33
144 685 21
144 689 41
145 229 44
145 234 21
145 239 40
145 295 29
145 410 11
145 451 15
145 479 44
145 498 34
145 560 12
145 578 25
145 604 33
145 611 33
145 624 43
145 648 45
145 694 37
145 698 48
146 167 12
146 170 36
146 217 38
146 246 11
146 274 32
146 288 10
146 363 14
146 375 43
146 469 41
146 478 21
146 496 33
146 505 14
146 599 10
146 676 50
146 682 45
147 149 39
147 220 28
147 226 28
147 293 40
147 351 18
147 402 38
147 421 15
147 435 15
147 476 49
147 531 16
147 581 18
147 687 46
148 155 35
148 202 49
148 295 14
148 392 43
148 421 44
148 454 34
148 469 43
148 491 17
148 511 21
148 540 19
148 559 42
148 571 45
148 606 34
148 608 38
148 628 12
148 699 37
149 165 50
149 207 25
149 216 16
149 244 18
149 309 24
149 378 27
149 382 25
149 495 31
149 511 32
149 512 13
149 525 42
149 622 18
149 667 29
149 674 13
149 680 44
150 171 29
150 198 45
150 215 45
150 255 18
150 269 46
150 292 24
150 328 46
150 397 11
150 436 20
150 476 26
150 520 30
150 532 34
150 620 44
151 174 45
151 236 15
151 343 48
151 357 42
151 407 14
151 438 22
151 524 40
151 531 40
151 538 16
151 550 42
151 571 25
151 646 18
151 682 30
151 700 34
152 172 30
152 213 32
152 240 48
152 435 35
152 440 46
152 498 19
152 539 32
152 598 48
152 608 21
152 610 24
152 620 24
152 626 29
152 675 25
152 696 33
153 193 14
153 210 35
153 254 34
153 296 37
153 350 20
153 365 25
153 384 26
153 413 30
153 446 46
153 450 36
153 453 35
153 528 36
153 576 10
153 619 46
153 622 31
153 623 23
153 640 31
153 682 38
153 693 21
154 201 25
154 214 42
154 233 22
154 249 14
154 328 32
154 369 40
154 381 22
154 431 42
154 457 36
154 466 14
154 481 40
154 544 22
154 568 32
154 577 17
154 591 32
154 598 19
154 623 38
154 674 50
154 677 36
155 185 20
155 247 16
155 264 29
155 349 25
155 355 38
155 419 33
155 433 28
155 497 16
155 537 39
155 575 46
155 585 47
155 587 18
155 629 10
156 170 46
156 173 32
156 220 47
156 255 31
156 296 44
156 340 47
156 345 27
156 391 15
156 437 43
156 470 16
156 477 50
156 518 40
156 544 30
156 572 12
156 600 22
156 639 12
156 663 48
156 669 23
156 688 26
157 220 37
157 263 21
157 269 15
157 313 43
157 324 42
157 392 16
157 416 14
157 417 46
157 419 37
157 458 12
157 460 16
157 472 40
157 485 33
157 570 42
157 651 14
157 698 17
158 180 14
158 203 28
158 237 42
158 238 34
158 257 28
158 415 43
158 438 11
158 488 10
158 579 18
158 591 48
158 624 11
158 635 16
158 661 29
158 695 18
159 200 25
159 203 17
159 285 28
159 294 31
159 300 28
159 304 15
159 308 24
159 322 27
159 427 36
159 445 14
159 450 43
159 466 39
159 486 26
159 510 36
159 571 16
159 584 31
159 589 31
159 614 45
159 622 26
159 647 34
160 191 49
160 211 26
160 239 31
160 257 34
160 349 36
160 353 26
160 358 10
160 385 28
160 389 43
160 444 41
160 511 29
160 517 40
160 521 32
160 529 43
160 578 20
160 615 24
160 625 38
160 633 22
160 651 33
160 663 47
160 665 36
161 166 28
161 220 30
161 221 46
161 233 23
161 234 28
161 266 35
161 268 38
161 312 41
161 426 31
161 507 21
161 528 14
161 535 42
161 538 14
161 588 45
161 595 16
161 600 18
161 607 16
161 678 32
162 165 14
162 265 13
162 289 47
162 304 35
162 308 17
162 336 44
162 354 22
162 370 20
162 388 28
162 404 43
162 407 19
162 412 49
162 474 10
162 480 30
162 498 32
162 517 30
162 550 26
162 617 40
162 624 40
163 169 47
163 200 11
163 229 39
163 247 12
163 261 19
163 269 13
163 283 38
163 344 30
163 381 11
163 405 36
163 410 23
163 416 44
163 432 46
163 444 42
163 479 24
163 617 48
163 647 23
163 656 37
164 192 14
164 279 25
164 310 41
164 315 19
164 364 10
164 393 37
164 431 32
164 497 24
164 599 30
164 661 40
164 671 22
165 167 21
165 169 38
165 218 27
165 278 49
165 281 20
165 308 38
165 311 25
165 381 40
165 389 30
165 428 47
165 455 20
165 468 36
165 520 16
165 602 29
165 632 25
165 675 30
166 177 34
166 219 18
166 267 10
166 325 30
166 353 27
166 367 49
166 375 12
166 382 29
166 387 43
166 450 16
166 480 28
166 505 25
166 569 47
166 570 14
166 649 27
166 656 32
166 683 26
167 193 40
167 263 46
167 301 24
167 315 46
167 324 33
167 372 25
167 421 47
167 426 48
167 473 30
167 509 20
167 536 44
167 550 13
167 585 38
167 593 33
167 674 32
168 202 44
168 283 21
168 286 33
168 292 17
168 338 40
168 345 49
168 352 47
168 420 32
168 429 33
168 442 23
168 461 44
168 466 25
168 483 41
168 500 23
168 519 14
168 568 26
168 618 11
168 627 46
168 653 44
168 676 32
168 687 17
168 695 29
169 177 35
169 305 49
169 325 45
169 375 42
169 378 47
169 422 43
169 439 29
169 453 34
169 581 22
169 594 10
169 620 44
169 650 22
169 658 33
169 661 43
170 172 46
170 187 35
170 216 50
170 336 43
170 337 10
170 369 45
170 380 14
170 520 18
170 531 21
170 568 33
170 597 28
170 632 36
170 642 49
171 245 42
171 249 28
171 274 30
171 303 14
171 306 34
171 369 44
171 439 15
171 558 11
171 633 25
171 642 13
171 675 39
171 682 10
172 184 44
172 272 37
172 360 39
172 382 14
172 388 34
172 420 14
172 457 32
172 480 40
172 596 36
172 601 16
172 615 35
172 634 25
172 643 11
173 268 25
173 274 12
173 277 17
173 368 39
173 379 37
173 401 35
173 406 14
173 435 14
173 444 36
173 457 16
173 495 21
173 514 17
173 521 24
173 552 19
173 556 47
173 616 45
173 619 41
173 624 36
173 642 16
173 653 19
173 674 15
174 199 48
174 258 47
174 262 22
174 279 44
174 309 15
174 365 45
174 396 14
174 414 14
174 426 20
174 488 23
174 563 19
174 646 41
174 650 48
174 694 17
174 700 29
175 212 19
175 275 43
175 296 42
175 332 44
175 355 41
175 382 34
175 397 48
175 465 42
175 483 12
175 491 34
175 560 26
175 577 32
175 578 35
175 598 46
175 612 37
175 613 14
176 321 17
176 391 11
176 439 14
176 474 27
176 476 47
176 505 11
176 516 46
176 528 44
176 624 50
176 666 10
177 180 20
177 182 11
177 234 25
177 294 46
177 368 10
177 399 31
177 453 40
177 466 20
177 467 45
177 485 33
177 554 47
177 564 18
177 581 48
177 582 39
177 600 36
177 631 32
177 675 37
178 198 35
178 336 11
178 408 33
178 412 31
178 444 15
178 473 50
178 491 19
178 499 10
178 520 20
178 524 42
178 525 17
178 581 28
178 599 25
178 622 33
179 189 19
179 199 31
179 205 14
179 213 36
179 271 43
179 283 17
179 321 41
179 340 30
179 353 15
179 364 39
179 409 31
179 454 37
179 478 42
179 519 36
179 544 29
179 600 49
179 621 19
179 626 44
180 188 15
180 190 27
180 192 40
180 194 19
180 229 38
180 237 15
180 244 41
180 264 24
180 342 49
180 345 31
180 427 10
180 430 18
180 452 40
180 454 34
180 489 21
180 567 37
180 609 47
180 619 37
180 621 39
180 630 22
180 631 22
180 677 25
181 213 38
181 252 19
181 258 21
181 395 23
181 410 10
181 444 24
181 454 32
181 539 40
181 605 48
181 655 27
181 663 19
181 676 20
181 698 35
182 241 41
182 243 16
182 418 26
182 419 16
182 452 32
182 464 25
182 473 38
182 566 11
182 567 21
182 593 38
182 649 32
182 678 29
182 694 15
182 696 40
183 241 49
183 252 11
183 266 10
183 286 10
183 299 20
183 325 32
183 383 41
183 459 41
183 464 18
183 467 29
183 508 31
183 544 50
183 575 41
183 581 36
183 635 26
183 680 37
184 259 21
184 266 26
184 281 36
184 307 47
184 395 24
184 403 18
184 417 34
184 502 48
184 562 47
184 586 40
184 598 27
184 613 40
184 660 34
184 664 26
184 670 44
185 199 47
185 209 12
185 223 15
185 237 25
185 266 39
185 402 22
185 436 32
185 439 12
185 512 46
185 550 31
185 579 48
185 633 28
185 650 43
186 222 22
186 228 43
186 240 36
186 244 19
186 264 20
186 270 35
186 347 36
186 348 38
186 363 40
186 365 25
186 371 36
186 431 28
186 455 21
186 545 50
186 566 47
186 604 18
186 645 45
186 660 32
186 663 19
187 191 26
187 255 27
187 319 44
187 326 24
187 348 23
187 390 26
187 423 47
187 436 31
187 445 38
187 449 39
187 511 17
187 541 32
187 568 16
187 574 30
187 626 13
187 660 16
188 209 21
188 229 33
188 232 21
188 261 35
188 314 36
188 316 18
188 327 24
188 356 20
188 366 40
188 403 27
188 431 38
188 566 20
188 584 18
188 651 31
189 294 33
189 368 11
189 385 23
189 393 31
189 426 23
189 436 45
189 446 22
189 468 28
189 493 29
189 523 24
189 524 48
189 527 31
189 624 43
189 657 34
190 231 25
190 254 36
190 255 46
190 261 23
190 318 20
190 325 20
190 339 40
190 356 14
190 375 33
190 387 35
190 391 18
190 422 30
190 424 27
190 430 28
190 497 41
190 501 33
190 536 42
190 553 34
190 572 31
190 616 25
190 661 30
191 260 11
191 300 41
191 305 12
191 378 23
191 401 41
191 404 11
191 449 15
191 631 24
191 646 44
191 672 27
192 208 46
192 264 16
192 265 38
192 291 34
192 314 23
192 320 11
192 342 10
192 388 47
192 410 32
192 412 13
192 424 40
192 435 47
192 548 39
192 660 41
192 700 21
193 197 29
193 214 38
193 220 44
193 229 48
193 236 41
193 244 42
193 262 18
193 310 18
193 340 25
193 373 30
193 385 30
193 390 38
193 409 12
193 413 23
193 457 33
193 460 17
193 530 38
193 545 26
193 601 33
193 610 32
193 635 49
193 667 19
193 697 10
194 277 35
194 285 44
194 298 20
194 346 35
194 358 38
194 393 16
194 434 44
194 437 15
194 449 38
194 490 19
194 513 34
194 541 41
194 566 31
194 597 24
194 670 38
194 673 27
194 693 19
195 210 23
195 288 24
195 320 12
195 346 27
195 363 38
195 372 26
195 379 12
195 462 32
195 501 45
195 506 41
195 516 27
195 546 39
195 582 34
195 602 34
195 622 33
195 672 12
195 688 15
196 249 33
196 277 35
196 278 39
196 299 24
196 368 50
196 457 25
196 485 39
196 501 40
196 519 29
196 557 45
196 619 10
196 631 33
196 667 19
197 225 35
197 267 12
197 268 30
197 282 25
197 420 12
197 440 22
197 449 43
197 464 39
197 490 21
197 534 36
197 551 32
197 561 10
197 583 19
197 613 44
197 655 31
197 674 36
197 685 27
198 209 21
198 252 43
198 303 50
198 324 16
198 391 49
198 463 17
198 489 47
198 516 15
198 568 46
198 574 35
198 648 44
198 664 29
198 668 32
198 689 42
199 223 13
199 267 18
199 268 47
199 322 36
199 355 29
199 404 28
199 427 18
199 458 37
199 513 46
199 548 33
199 607 35
199 632 47
199 650 49
199 654 25
199 679 26
200 218 25
200 305 22
200 329 27
200 339 40
200 404 18
200 435 11
200 446 29
200 485 30
200 539 50
200 618 34
200 635 34
200 691 27
201 206 34
201 230 28
201 236 32
201 243 46
201 325 20
201 358 30
201 365 20
201 468 27
201 473 17
201 536 41
201 544 14
201 548 41
201 561 35
201 660 28
202 222 21
202 226 38
202 257 33
202 290 30
202 295 29
202 325 31
202 351 27
202 352 32
202 358 13
202 408 37
202 488 13
202 534 38
202 535 13
202 567 33
202 584 28
202 638 45
202 659 16
202 681 18
202 697 33
203 211 42
203 371 26
203 430 42
203 478 43
203 489 11
203 508 16
203 532 12
203 576 40
203 602 27
203 620 38
203 621 30
203 648 28
203 664 16
203 685 12
204 264 33
204 277 35
204 304 17
204 306 44
204 357 42
204 394 22
204 397 35
204 459 23
204 492 16
204 508 37
204 540 22
204 556 45
204 561 30
204 574 17
204 605 32
204 609 46
204 695 39
204 699 31
205 215 25
205 229 21
205 262 11
205 348 44
205 360 38
205 445 46
205 475 30
205 481 44
205 555 29
205 570 37
205 617 13
205 629 35
205 648 22
205 672 40
205 678 16
205 700 34
206 257 31
206 346 14
206 372 43
206 386 29
206 448 19
206 516 24
206 527 43
206 583 28
206 586 38
206 603 38
206 617 50
206 664 43
206 689 49
207 210 13
207 220 46
207 259 36
207 273 15
207 286 22
207 319 20
207 335 42
207 336 46
207 386 50
207 499 36
207 550 44
207 572 23
207 600 25
207 628 34
208 241 30
208 253 35
208 270 48
208 294 31
208 327 45
208 329 39
208 362 38
208 379 29
208 428 17
208 488 47
208 492 10
208 528 32
208 585 34
208 674 40
208 689 49
208 695 12
209 217 16
209 303 19
209 322 15
209 353 20
209 430 11
209 443 33
209 471 33
209 493 16
209 547 17
209 596 30
209 619 48
209 624 45
209 639 17
210 217 42
210 244 24
210 297 29
210 314 41
210 324 15
210 400 12
210 411 48
210 443 26
210 484 40
210 597 42
210 672 48
210 680 39
210 682 34
211 295 28
211 300 46
211 330 22
211 347 38
211 456 50
211 491 47
211 637 37
211 671 33
211 673 33
212 244 50
212 275 21
212 276 48
212 279 22
212 293 20
212 412 41
212 452 31
212 482 40
212 495 14
212 544 35
212 557 32
212 580 16
212 646 20
212 657 49
213 245 48
213 279 43
213 320 20
213 354 30
213 402 50
213 447 31
213 510 24
213 540 33
213 550 20
213 574 34
213 586 15
213 607 23
214 216 26
214 251 47
214 266 48
214 364 38
214 411 39
214 429 38
214 535 50
214 543 35
214 570 44
214 700 42
215 224 39
215 248 16
215 256 37
215 282 42
215 299 33
215 358 50
215 386 39
215 394 36
215 407 15
215 498 20
215 543 10
215 556 11
215 692 38
216 241 14
216 287 11
216 300 14
216 322 23
216 353 47
216 367 28
216 405 15
216 413 24
216 419 40
216 488 25
216 548 25
216 568 24
216 572 26
216 601 36
217 219 41
217 271 22
217 278 12
217 290 25
217 323 18
217 326 16
217 487 49
217 523 18
217 592 47
217 612 39
217 637 12
217 696 11
218 220 46
218 327 28
218 351 22
218 370 36
218 405 16
218 415 44
218 419 28
218 423 44
218 437 13
218 447 43
218 460 45
218 504 18
218 525 28
218 529 19
218 539 36
218 610 38
218 661 33
218 678 18
218 679 41
219 221 50
219 287 13
219 294 15
219 327 11
219 329 30
219 334 23
219 416 46
219 475 16
219 484 39
219 487 49
219 549 11
219 584 24
219 630 19
219 658 34
219 692 31
220 357 23
220 364 13
220 379 46
220 402 36
220 546 31
220 595 21
220 602 36
221 244 50
221 281 37
221 328 38
221 424 16
221 472 14
221 477 29
221 493 13
221 505 16
221 507 41
221 508 19
221 528 21
221 543 34
221 570 29
221 600 35
221 699 10
222 230 20
222 233 43
222 323 19
222 404 39
222 517 14
222 529 48
222 543 26
222 551 17
222 601 30
222 614 28
222 650 15
222 694 38
223 256 46
223 278 44
223 315 30
223 334 40
223 336 24
223 381 23
223 403 36
223 422 39
223 485 19
223 577 10
223 688 26
224 251 14
224 266 18
224 321 20
224 410 36
224 421 28
224 439 21
224 473 33
224 578 25
224 599 25
224 607 31
224 612 48
224 614 25
224 667 13
224 673 15
225 350 34
225 427 39
225 512 45
225 542 26
225 551 45
225 570 49
225 627 12
225 661 45
225 687 35
226 240 40
226 246 17
226 269 30
226 271 35
226 353 45
226 398 23
226 493 37
226 507 49
226 511 27
226 534 47
226 597 15
226 628 30
226 654 42
226 698 21
227 236 50
227 241 13
227 325 12
227 353 31
227 371 23
227 404 22
227 413 36
227 443 42
227 484 18
227 510 24
227 528 46
227 536 17
227 601 24
227 616 13
227 621 29
227 639 32
227 655 36
227 668 21
227 696 31
228 232 50
228 238 49
228 314 26
228 434 30
228 436 28
228 461 27
228 531 24
228 546 37
228 591 47
228 618 10
228 620 44
228 648 35
228 672 19
229 299 35
229 303 28
229 308 46
229 338 25
229 374 30
229 392 20
229 394 45
229 454 29
229 461 17
229 552 35
229 593 28
230 250 26
230 325 28
230 344 12
230 376 42
230 397 38
230 437 37
230 439 46
230 465 45
230 499 16
230 545 19
230 559 44
230 581 17
230 613 36
230 640 29
231 234 12
231 289 41
231 346 39
231 377 37
231 380 18
231 382 18
231 402 43
231 462 13
231 501 39
231 518 11
231 587 43
231 633 50
231 681 37
231 695 19
232 401 21
232 416 37
232 436 10
232 447 37
232 516 36
232 521 49
232 532 20
232 533 19
232 556 36
232 557 37
232 563 39
232 589 46
233 394 25
233 425 27
233 451 45
233 461 28
233 493 13
233 585 38
233 621 47
233 634 48
233 662 28
233 671 38
234 294 11
234 338 50
234 428 40
234 439 25
234 443 42
234 451 41
234 457 31
234 537 34
234 576 30
234 583 46
234 629 14
234 699 37
235 289 16
235 331 14
235 335 41
235 355 50
235 429 45
235 509 21
235 546 32
235 607 39
235 641 15
235 652 35
235 660 19
236 256 18
236 303 11
236 317 27
236 333 47
236 334 42
236 402 44
236 431 35
236 450 27
236 451 26
236 502 17
236 521 36
236 548 44
236 569 10
236 575 18
236 588 29
236 613 10
237 242 30
237 253 48
237 287 27
237 308 29
237 330 24
237 363 26
237 395 44
237 502 36
237 505 18
237 531 37
237 546 50
237 577 31
237 592 41
237 619 46
238 257 15
238 269 46
238 312 38
238 316 17
238 356 37
238 410 42
238 445 39
238 516 25
238 540 35
238 572 10
238 605 30
238 611 46
238 625 31
238 636 13
238 650 17
238 656 41
238 659 11
239 260 44
239 290 43
239 345 47
239 442 50
239 460 17
239 486 44
239 558 21
239 604 12
239 608 47
239 689 37
240 282 12
240 349 27
240 350 32
240 408 20
240 466 18
240 509 38
240 530 31
240 550 19
240 618 15
240 639 33
240 641 49
240 644 39
240 646 16
241 271 49
241 280 17
241 321 26
241 342 22
241 346 15
241 379 30
241 503 20
241 532 47
241 552 32
241 558 33
241 587 42
241 611 10
241 618 20
241 634 47
241 648 43
242 257 20
242 321 35
242 327 23
242 371 25
242 437 40
242 451 27
242 488 49
242 511 13
242 512 28
242 514 40
242 640 47
242 650 37
243 292 12
243 295 12
243 311 19
243 343 34
243 487 48
243 514 45
243 539 35
243 645 50
243 677 24
244 273 15
244 309 47
244 349 41
244 407 16
244 431 17
244 519 28
244 572 41
244 582 23
244 694 46
245 353 27
245 423 10
245 446 45
245 526 28
245 569 50
245 580 24
245 596 44
245 641 28
245 644 46
245 645 10
246 279 48
246 280 19
246 281 16
246 389 40
246 394 20
246 396 48
246 465 38
246 503 37
246 620 16
246 625 16
246 695 21
247 278 16
247 306 30
247 315 17
247 337 32
247 381 31
247 384 17
247 401 18
247 461 33
247 467 16
247 493 24
247 562 37
248 263 27
248 349 20
248 372 18
248 388 28
248 429 21
248 465 37
248 472 15
248 498 15
248 576 28
248 584 17
248 587 10
248 604 34
248 653 42
248 658 39
248 659 45
248 679 37
249 386 28
249 469 23
249 473 47
249 572 40
249 591 34
249 598 43
249 602 23
249 626 47
249 637 18
249 650 12
249 657 32
250 255 10
250 311 31
250 369 14
250 384 35
250 394 11
250 408 49
250 492 28
250 566 41
250 576 38
250 583 12
250 616 13
251 257 47
251 281 36
251 315 40
251 375 44
251 420 15
251 472 18
251 493 46
251 523 10
251 556 40
251 640 47
251 641 35
251 643 33
251 644 17
251 699 16
252 352 14
252 382 23
252 387 45
252 444 27
252 499 16
252 530 14
252 599 34
252 609 39
252 616 10
252 633 35
252 647 27
252 686 45
253 335 32
253 402 27
253 425 41
253 454 22
253 463 17
253 482 44
253 544 50
253 616 28
253 641 36
253 653 16
253 660 34
253 688 31
253 691 24
254 293 43
254 306 40
254 386 16
254 402 49
254 465 44
254 535 19
254 553 15
254 572 34
254 597 27
254 642 45
254 656 39
254 662 21
255 272 13
255 280 12
255 304 20
255 345 17
255 349 20
255 418 16
255 573 27
255 595 46
255 638 49
255 678 42
256 292 45
256 296 32
256 371 37
256 502 50
256 513 42
256 569 12
256 606 45
256 607 40
256 615 34
256 632 21
256 660 42
256 672 14
257 290 27
257 346 47
257 349 42
257 355 22
257 391 40
257 423 47
257 499 49
257 553 18
257 602 46
257 689 48
257 694 26
258 347 32
258 348 27
258 383 37
258 439 25
258 459 24
258 535 31
258 541 37
258 570 33
258 604 35
258 652 48
259 277 49
259 298 28
259 311 15
259 325 31
259 333 16
259 348 44
259 349 23
259 440 45
259 482 23
259 534 30
259 559 22
259 584 13
259 636 23
259 653 19
260 276 22
260 277 44
260 330 35
260 376 20
260 414 45
260 420 47
260 499 44
260 502 37
260 511 11
260 521 28
260 595 34
260 623 29
260 671 46
261 296 20
261 345 33
261 351 11
261 370 49
261 411 19
261 413 46
261 417 29
261 421 27
261 434 46
261 532 27
261 553 23
261 562 44
261 689 50
261 690 42
262 288 38
262 327 41
262 337 47
262 429 35
262 537 35
262 584 35
262 627 18
262 672 44
262 675 46
262 676 26
262 682 26
262 697 14
263 270 19
263 301 12
263 349 30
263 355 14
263 382 14
263 452 37
263 471 34
263 482 35
263 573 34
263 595 11
263 622 41
263 650 21
264 291 49
264 342 49
264 365 21
264 401 28
264 430 26
264 475 37
264 520 46
264 537 22
264 541 40
264 629 28
264 643 14
265 276 30
265 282 45
265 307 20
265 310 31
265 453 46
265 457 25
265 532 37
265 557 17
265 577 39
266 299 37
266 317 29
266 419 18
266 446 49
266 453 27
266 462 11
266 470 50
266 484 43
266 509 21
266 562 47
266 580 30
266 590 15
266 650 13
266 658 30
266 661 17
266 694 50
267 302 47
267 416 29
267 528 12
267 568 45
267 613 16
267 619 13
267 654 31
267 683 11
268 281 11
268 292 10
268 329 44
268 332 23
268 353 15
268 364 47
268 392 37
268 455 35
268 459 14
268 495 22
268 505 34
268 523 13
268 567 30
268 614 37
268 686 50
268 688 24
269 303 32
269 321 42
269 333 34
269 367 47
269 381 24
269 383 44
269 386 21
269 398 16
269 467 13
269 555 47
269 556 25
269 588 43
269 599 48
269 603 29
269 610 22
269 659 41
269 681 37
270 311 47
270 326 47
270 333 22
270 361 39
270 412 41
270 418 44
270 444 42
270 448 39
270 458 43
270 537 50
270 553 40
270 561 48
270 674 23
271 330 15
271 381 32
271 421 50
271 457 37
271 470 37
271 505 38
271 515 34
271 562 20
271 621 26
272 302 31
272 358 34
272 394 14
272 474 36
272 524 22
272 563 16
272 568 40
272 603 18
272 624 15
272 639 24
272 689 17
272 690 38
273 374 22
273 396 44
273 419 34
273 424 44
273 435 38
273 440 39
273 441 44
273 450 25
273 468 23
273 477 46
273 560 44
273 576 47
273 591 43
273 599 18
273 620 19
273 651 29
273 688 32
274 306 31
274 332 20
274 409 30
274 430 50
274 579 43
274 582 26
274 664 50
275 299 27
275 372 45
275 530 14
275 554 45
275 555 46
275 585 20
275 600 38
275 632 14
275 647 24
276 285 31
276 327 48
276 336 35
276 371 49
276 406 15
276 417 44
276 419 37
276 428 21
276 444 20
276 449 40
276 509 10
276 522 42
276 649 41
276 685 10
277 430 17
277 490 27
277 493 25
277 500 16
277 541 12
277 545 13
277 557 12
277 564 32
277 608 18
277 630 41
277 631 39
277 670 31
277 676 39
277 696 38
278 293 18
278 307 31
278 326 38
278 345 46
278 419 50
278 492 24
278 498 36
278 507 31
278 523 34
278 569 28
278 581 21
278 636 17
278 666 40
278 681 42
279 318 26
279 329 13
279 351 28
279 451 45
279 529 32
279 541 47
279 620 48
279 666 40
280 297 36
280 356 15
280 397 27
280 407 34
280 446 19
280 479 22
280 519 44
280 554 30
280 580 29
280 665 45
280 680 35
280 682 40
281 329 45
281 349 11
281 360 34
281 416 48
281 426 20
281 438 41
281 439 43
281 473 15
281 483 32
281 488 12
281 589 21
281 610 38
281 640 27
281 698 14
281 700 49
282 329 38
282 423 31
282 451 30
282 527 28
282 607 44
282 623 12
282 645 40
282 658 30
282 673 32
282 686 18
283 297 19
283 385 45
283 451 37
283 478 24
283 505 28
283 531 46
283 554 37
283 565 29
283 648 40
283 671 48
283 681 31
283 692 19
284 316 45
284 394 32
284 444 27
284 460 16
284 466 23
284 474 49
284 504 43
284 529 10
284 574 23
284 576 33
284 621 35
284 625 14
284 655 19
284 670 16
285 329 33
285 339 36
285 401 35
285 423 35
285 432 49
285 437 19
285 495 26
285 496 20
285 513 31
285 557 27
285 574 12
285 577 36
285 610 49
285 620 25
285 647 15
285 653 39
285 660 25
286 319 38
286 345 43
286 364 20
286 374 45
286 376 12
286 382 15
286 405 28
286 408 20
286 461 29
286 498 24
286 503 21
286 536 20
286 563 15
286 594 25
286 616 16
286 670 16
287 317 49
287 319 48
287 359 27
287 364 41
287 391 22
287 445 41
287 471 49
287 492 49
287 493 50
287 534 33
287 563 34
287 571 24
287 616 49
287 637 14
287 658 48
287 687 45
288 344 14
288 349 26
288 360 14
288 401 21
288 413 17
288 419 47
288 447 48
288 452 46
288 474 10
288 499 24
288 511 50
288 517 49
288 521 43
288 550 18
288 625 49
288 635 26
288 654 48
288 669 18
289 293 28
289 296 41
289 320 40
289 416 44
289 442 15
289 447 32
289 465 12
289 483 11
289 518 47
289 544 25
289 567 12
289 596 29
289 601 45
289 657 43
289 658 23
289 695 11
290 335 39
290 351 13
290 358 22
290 412 28
290 435 41
290 487 49
290 577 38
290 640 40
291 327 24
291 393 42
291 403 19
291 414 40
291 457 37
291 527 15
291 531 32
291 563 49
291 583 17
291 670 28
292 312 20
292 314 41
292 354 19
292 397 27
292 426 12
292 451 40
292 472 16
292 517 29
292 578 38
292 590 19
292 603 11
292 644 22
292 667 41
293 313 46
293 413 29
293 430 27
293 534 26
293 539 14
293 573 13
293 603 30
293 643 26
293 677 19
294 300 38
294 311 49
294 394 16
294 411 12
294 426 42
294 506 34
294 542 44
294 557 11
294 647 38
294 675 50
294 679 31
295 304 15
295 308 10
295 357 24
295 406 42
295 409 49
295 478 30
295 513 44
295 669 25
295 678 44
295 695 42
296 325 23
296 378 40
296 383 39
296 405 11
296 449 40
296 484 38
296 549 26
296 558 29
296 629 37
296 682 25
296 692 41
297 386 46
297 426 46
297 442 29
297 484 41
297 516 25
297 538 33
297 571 46
297 656 42
297 657 19
298 329 32
298 354 32
298 375 16
298 449 46
298 486 33
298 540 25
298 544 50
298 567 30
298 573 33
298 579 42
298 586 14
298 638 20
299 355 19
299 363 16
299 426 28
299 431 28
299 438 12
299 453 11
299 565 22
299 590 25
299 619 29
299 623 48
299 688 15
300 375 24
300 409 27
300 442 35
300 449 47
300 491 14
300 520 41
300 537 15
300 541 17
300 553 47
300 583 15
300 616 40
300 639 15
301 359 42
301 380 50
301 384 48
301 424 19
301 439 21
301 461 48
301 479 49
301 487 13
301 518 29
301 553 18
301 564 19
301 650 40
302 319 23
302 338 41
302 366 12
302 426 30
302 463 24
302 464 38
302 482 47
302 505 38
302 507 13
302 565 31
302 568 36
302 580 13
302 632 23
302 676 37
303 322 33
303 341 34
303 405 39
303 423 29
303 480 41
303 482 42
303 572 22
303 597 15
303 644 13
303 662 19
303 692 20
304 415 22
304 426 49
304 448 49
304 453 35
304 510 18
304 602 37
304 605 48
304 640 16
304 649 27
304 671 36
304 685 33
304 692 41
305 312 12
305 321 10
305 338 49
305 371 19
305 376 19
305 378 21
305 385 28
305 392 37
305 410 16
305 445 18
305 462 41
305 509 29
305 551 49
305 562 15
305 573 23
305 582 25
305 584 43
305 588 39
305 590 17
305 622 17
305 673 38
306 317 16
306 340 35
306 392 14
306 394 44
306 415 38
306 486 34
306 496 41
306 512 11
306 515 30
306 634 13
306 667 23
306 685 33
307 366 36
307 370 10
307 380 18
307 397 25
307 453 36
307 457 50
307 525 39
307 554 24
307 564 10
307 568 34
307 574 21
307 578 28
307 628 31
307 653 48
307 660 50
307 664 42
307 672 46
308 320 44
308 427 33
308 467 36
308 500 43
308 541 26
308 566 29
308 570 21
308 582 30
308 666 30
309 341 26
309 352 31
309 389 47
309 428 49
309 455 10
309 465 41
309 502 40
309 532 45
309 575 10
309 580 43
309 604 48
310 313 39
310 314 22
310 390 13
310 415 19
310 463 28
310 486 46
310 506 44
310 539 39
310 553 33
310 631 32
311 431 31
311 474 26
311 476 18
311 580 35
311 604 46
311 608 30
311 619 36
311 652 11
311 654 23
311 699 47
312 320 36
312 362 16
312 395 26
312 400 47
312 438 14
312 644 25
312 672 37
312 689 14
313 332 30
313 357 12
313 367 46
313 377 31
313 378 42
313 382 34
313 401 20
313 424 21
313 534 42
313 554 33
313 681 25
313 684 14
314 335 11
314 357 31
314 401 12
314 448 25
314 469 24
314 557 26
314 560 36
314 562 14
314 594 27
314 628 46
314 653 44
314 668 33
314 680 27
315 350 31
315 365 44
315 399 37
315 411 10
315 430 47
315 476 46
315 544 26
315 561 19
315 607 43
315 648 16
315 651 22
315 697 34
316 364 24
316 407 27
316 484 16
316 487 18
316 519 13
316 595 13
316 630 16
316 679 33
316 692 32
317 376 23
317 441 12
317 457 21
317 473 36
317 517 39
317 549 30
317 623 40
317 635 30
317 697 27
318 353 46
318 362 23
318 375 35
318 447 18
318 458 20
318 577 47
318 684 47
318 693 37
318 698 10
319 329 31
319 370 18
319 393 35
319 414 30
319 417 49
319 433 43
319 446 12
319 465 19
319 506 26
319 561 49
319 587 35
320 325 34
320 493 14
320 499 41
320 533 32
320 571 33
320 584 32
320 586 12
320 603 32
320 645 30
320 660 16
320 681 25
321 327 16
321 354 34
321 362 15
321 383 24
321 414 47
321 432 34
321 436 18
321 499 29
321 556 30
321 564 31
321 575 34
321 637 49
321 638 46
321 662 28
322 521 38
322 523 49
322 548 19
322 587 25
323 343 24
323 371 45
323 385 10
323 396 21
323 404 29
323 412 14
323 427 33
323 433 10
323 493 39
323 501 50
323 502 19
323 513 25
323 550 38
323 589 17
323 601 12
323 610 30
323 623 44
324 352 27
324 364 36
324 369 17
324 394 14
324 421 29
324 424 36
324 448 15
324 546 16
324 552 24
324 582 48
324 584 16
324 588 32
324 599 40
324 603 41
324 627 38
324 689 43
324 692 24
324 694 13
325 387 10
325 507 33
325 559 47
325 610 10
325 620 33
326 359 21
326 365 26
326 376 11
326 464 18
326 513 30
326 518 46
326 542 17
326 568 13
326 608 48
326 622 26
326 684 11
327 341 47
327 359 37
327 406 36
327 500 27
327 512 30
327 518 37
327 537 42
327 542 26
327 545 40
327 546 19
327 550 22
327 561 47
327 592 25
327 628 10
328 356 50
328 420 16
328 479 41
328 485 36
328 519 37
328 533 23
328 624 21
328 675 24
329 473 22
329 485 29
329 507 19
329 551 39
329 559 47
329 619 32
329 670 16
330 342 35
330 349 42
330 399 42
330 444 48
330 459 42
330 524 29
330 525 15
330 549 33
330 627 49
330 642 36
330 657 10
330 673 35
331 333 29
331 424 15
331 451 20
331 456 50
331 475 18
331 590 23
331 638 42
331 675 39
331 680 20
331 686 19
331 688 12
332 342 14
332 368 11
332 389 41
332 395 16
332 396 19
332 402 35
332 436 22
332 450 48
332 454 20
332 516 33
332 616 38
332 617 21
332 631 45
332 655 30
332 671 15
332 691 34
333 391 18
333 417 50
333 463 33
333 489 17
333 506 19
333 534 34
333 591 22
333 606 12
333 613 41
333 626 13
334 367 30
334 371 45
334 401 46
334 470 31
334 490 27
334 523 15
334 535 28
334 614 24
334 646 44
334 664 27
334 688 46
335 375 35
335 391 14
335 410 34
335 427 13
335 474 50
335 487 15
335 526 45
335 527 47
335 564 36
335 660 35
335 664 22
335 666 50
335 672 27
335 682 32
336 408 25
336 433 26
336 448 28
336 456 17
336 523 36
336 526 24
336 577 48
336 634 33
337 338 34
337 406 14
337 413 31
337 441 27
337 461 25
337 489 45
337 498 32
337 562 14
337 583 44
337 626 29
338 339 42
338 375 20
338 477 46
338 493 11
338 516 20
338 550 47
338 568 47
338 572 24
338 601 25
338 647 38
338 670 33
338 679 22
339 342 31
339 406 37
339 447 47
339 533 30
339 595 42
339 608 44
339 615 33
339 628 34
340 352 42
340 386 12
340 401 30
340 447 50
340 453 33
340 475 20
340 551 38
340 570 23
340 621 29
340 638 19
340 645 22
340 654 30
341 358 30
341 390 26
341 469 18
341 489 28
341 509 18
341 518 47
342 362 20
342 379 22
342 402 50
342 404 43
342 428 28
342 455 11
342 534 36
342 595 10
342 625 45
342 645 47
342 657 21
342 685 37
342 697 25
343 344 14
343 370 27
343 379 30
343 380 12
343 433 32
343 453 27
343 461 47
343 505 27
343 529 31
343 558 17
343 571 28
343 632 41
343 646 17
343 657 48
343 699 34
344 385 44
344 465 37
344 484 30
344 496 29
344 576 25
344 599 38
344 692 19
345 393 48
345 399 10
345 407 23
345 460 48
345 461 29
345 491 23
345 496 11
345 522 11
345 542 32
345 559 26
345 631 23
345 648 28
345 667 19
345 693 11
346 347 33
346 356 36
346 445 49
346 453 31
346 498 27
346 513 12
346 549 35
346 576 45
346 619 31
346 625 12
346 645 27
346 655 41
347 353 29
347 404 16
347 421 49
347 423 22
347 501 29
347 514 11
347 521 30
347 565 38
347 578 50
347 670 20
347 680 40
347 691 21
348 379 34
348 382 37
348 408 25
348 421 12
348 439 50
348 452 18
348 483 38
348 542 24
348 561 48
348 574 13
348 576 19
348 636 44
348 641 25
348 643 48
349 398 35
349 411 14
349 415 41
349 423 22
349 476 50
349 480 42
349 516 33
349 596 10
349 613 35
349 691 24
350 413 19
350 469 14
350 478 12
350 488 40
350 499 31
350 569 14
350 640 47
350 656 40
351 418 44
351 458 35
351 492 12
351 495 17
351 535 50
351 554 23
351 609 23
351 668 40
351 672 41
351 683 28
352 395 39
352 433 18
352 497 39
352 504 26
352 561 12
352 608 47
352 629 41
352 657 31
353 363 16
353 368 11
353 401 38
353 408 16
353 471 40
353 475 44
353 606 20
353 656 28
354 370 49
354 405 37
354 425 34
354 435 48
354 455 32
354 473 25
354 493 37
354 503 21
354 563 40
354 614 46
355 397 31
355 506 47
355 555 45
355 558 23
355 569 20
355 580 41
355 694 24
356 412 47
356 414 45
356 471 46
356 480 38
356 500 30
356 512 33
356 532 28
356 608 45
356 691 14
357 391 37
357 395 15
357 451 26
357 482 35
357 522 22
357 547 45
357 549 19
357 563 36
357 572 15
357 697 45
358 398 13
358 410 31
358 528 41
358 559 19
358 586 32
358 590 46
358 606 24
359 366 50
359 433 19
359 434 30
359 460 31
359 500 47
359 513 28
359 556 33
359 561 43
359 565 35
359 581 38
359 697 21
360 385 20
360 420 15
360 466 43
360 501 10
360 543 29
360 571 49
360 634 33
360 648 48
361 379 47
361 400 10
361 418 42
361 440 15
361 457 35
361 467 50
361 481 34
361 485 11
361 501 38
361 642 48
361 650 16
361 663 21
362 388 17
362 448 40
362 490 29
362 513 29
362 546 24
362 608 38
362 609 36
362 640 26
363 411 21
363 422 35
363 489 33
363 547 20
364 365 28
364 417 22
364 487 27
364 528 14
364 630 37
364 637 35
364 638 31
364 671 47
364 687 30
365 369 16
365 455 25
365 463 13
365 678 17
366 461 39
366 515 48
366 546 37
366 554 46
366 592 37
367 370 46
367 384 48
367 387 12
367 438 12
367 576 19
367 613 22
367 614 11
367 631 12
367 656 35
367 667 16
368 434 30
368 494 35
368 499 32
368 504 43
368 582 43
368 605 32
368 606 10
369 386 13
369 426 29
369 452 26
369 456 21
369 468 43
369 504 17
369 580 37
369 619 39
370 382 24
370 394 18
370 440 36
370 447 33
370 475 14
370 515 37
370 549 39
370 577 20
370 627 46
371 423 15
371 430 27
371 487 41
371 527 48
371 535 27
371 569 14
371 598 49
371 618 38
371 626 31
371 661 28
371 666 21
372 374 36
372 407 26
372 418 33
372 431 27
372 433 37
372 448 14
372 471 29
372 687 26
373 379 28
373 494 18
373 512 24
373 576 31
373 578 38
373 580 31
373 616 32
373 620 40
374 403 19
374 428 14
374 487 41
374 533 32
374 546 15
374 571 40
374 584 45
374 604 21
374 616 21
374 630 41
374 658 23
374 662 38
374 673 39
374 675 42
374 692 14
374 693 42
375 432 45
375 472 48
375 502 35
375 523 40
375 550 22
375 569 16
375 572 46
375 574 21
375 582 12
375 594 12
375 598 22
375 693 47
376 378 17
376 462 33
376 521 29
376 558 27
376 587 48
376 604 28
376 692 22
377 407 18
377 415 32
377 435 12
377 526 44
377 562 30
377 586 40
377 598 29
377 611 32
377 627 10
377 653 15
377 657 24
377 667 37
378 389 44
378 475 38
378 488 20
378 559 21
378 568 14
378 589 14
378 643 43
378 671 33
379 380 43
379 403 50
379 480 50
379 544 36
379 609 11
379 621 32
379 622 12
379 625 40
379 640 16
379 676 14
379 686 30
380 502 23
380 509 22
380 518 41
380 564 26
380 576 36
380 632 22
380 690 42
381 386 50
381 412 49
381 481 45
381 613 25
381 627 33
381 665 17
381 666 14
381 697 28
382 414 20
382 514 35
382 535 38
382 599 10
382 644 49
382 674 22
382 688 39
383 424 29
383 441 32
383 509 37
383 545 16
383 546 45
383 575 32
383 622 10
383 687 15
384 477 49
384 486 25
384 489 19
384 516 27
384 525 18
384 534 12
384 552 32
384 591 48
384 593 12
384 597 23
384 627 39
384 629 18
384 696 29
385 407 33
385 472 10
385 550 41
385 567 46
385 627 17
385 689 15
386 390 11
386 448 26
386 544 26
386 565 24
386 619 16
386 627 31
386 654 45
386 668 33
386 684 22
387 390 40
387 404 44
387 418 41
387 470 19
387 597 23
387 661 48
387 665 39
387 679 17
387 687 25
387 695 27
388 396 44
388 417 19
388 418 16
388 460 13
388 598 27
388 700 34
389 412 41
389 434 23
389 513 14
389 527 28
389 569 42
389 629 17
389 648 24
389 671 25
390 410 37
390 466 45
390 530 12
390 598 42
390 621 45
390 638 33
390 646 26
390 652 13
390 685 28
391 441 39
391 501 30
391 556 44
391 569 22
391 582 50
391 599 33
391 625 32
391 635 20
391 641 20
391 661 50
391 699 11
392 405 31
392 440 19
392 476 27
392 509 28
392 521 12
392 607 37
392 620 21
392 623 29
392 674 21
393 452 47
393 534 45
393 552 25
393 560 37
393 563 24
393 610 35
393 622 35
394 410 40
394 436 25
394 500 13
394 534 46
394 596 42
394 669 33
395 459 14
395 518 10
395 526 40
395 598 19
395 694 20
396 405 48
396 436 43
396 449 46
396 456 20
396 533 19
396 617 42
397 409 26
397 420 21
397 451 28
397 472 22
397 501 46
397 669 30
398 433 37
398 490 42
398 578 50
398 579 22
398 610 28
398 632 15
398 645 49
398 688 29
399 486 26
399 488 13
399 503 12
399 522 49
399 545 39
399 613 45
399 651 15
399 663 42
400 401 30
400 407 49
400 409 19
400 440 48
400 466 14
400 471 32
400 510 30
400 548 10
400 590 30
400 624 48
400 672 31
400 689 13
401 482 29
401 588 21
401 609 48
401 614 46
401 655 42
401 680 46
402 416 20
402 487 43
402 534 34
402 557 24
402 612 49
402 651 31
402 656 41
402 672 24
402 678 28
403 404 25
403 440 41
403 456 26
403 474 38
403 588 19
403 603 42
403 605 47
403 662 24
404 457 14
404 510 40
404 524 46
404 552 10
404 568 30
404 697 32
405 438 43
405 519 29
405 537 23
405 555 46
405 642 34
405 646 11
405 691 23
406 429 22
406 455 26
406 464 13
406 480 46
406 497 26
406 559 31
406 565 39
406 599 27
407 412 36
407 420 20
407 545 13
407 554 47
407 615 37
407 632 17
407 649 11
407 700 39
408 437 37
408 444 48
408 472 38
408 526 32
408 557 39
408 574 30
408 651 34
408 661 18
408 686 28
408 695 20
409 441 35
409 488 48
409 520 41
409 576 17
409 583 29
409 602 37
409 626 41
409 637 16
409 677 30
410 436 11
410 462 19
410 466 31
410 527 35
410 548 32
410 590 22
410 617 47
410 653 49
411 446 19
411 460 42
411 486 17
411 495 20
411 531 41
411 533 49
411 534 44
411 581 35
411 615 31
411 623 37
411 631 30
411 637 28
411 676 29
411 686 43
412 446 36
412 662 23
413 425 12
413 460 29
413 462 19
413 481 45
413 529 24
413 583 27
413 647 42
414 428 39
414 499 15
414 527 32
414 557 38
414 607 27
414 612 22
414 624 43
414 631 27
414 670 41
414 684 45
414 691 38
415 466 19
415 476 35
415 489 43
415 518 48
415 614 30
415 629 14
415 636 30
415 654 42
415 700 27
416 417 10
416 460 32
416 478 45
416 529 42
416 566 26
416 586 11
416 634 10
416 673 21
417 433 35
417 442 11
417 531 36
417 579 29
417 583 48
417 629 46
417 635 22
418 428 15
418 560 33
418 579 16
418 592 45
418 679 38
419 435 20
419 460 47
419 472 21
419 498 48
419 506 19
419 529 16
419 621 31
419 685 17
420 429 38
420 437 46
420 483 32
420 526 28
420 578 26
420 615 15
420 690 23
421 539 13
421 620 48
421 656 15
421 657 14
421 697 31
422 433 46
422 437 16
422 441 22
422 482 50
422 547 18
422 588 31
422 599 11
422 609 21
422 613 49
422 641 50
422 685 28
423 499 31
423 556 11
423 571 41
423 590 49
423 617 25
423 630 27
423 634 20
423 643 30
424 428 12
424 429 19
424 482 38
424 496 41
424 497 27
424 590 16
425 460 32
425 505 11
425 522 35
425 526 32
425 537 25
425 540 21
425 581 11
425 586 32
426 434 17
426 435 25
426 462 10
426 486 18
426 493 15
426 551 22
426 578 47
426 600 28
427 490 41
427 514 20
427 531 29
427 542 28
427 560 17
427 576 13
427 615 25
428 430 25
428 447 48
428 448 36
428 461 24
428 463 12
428 513 35
428 531 27
428 591 48
428 683 43
429 471 49
429 558 36
429 575 11
429 669 29
429 691 35
430 447 20
430 452 41
430 455 18
430 474 42
430 477 10
430 482 17
430 550 42
430 593 24
430 607 12
430 677 14
431 435 40
431 475 49
431 487 37
431 541 27
431 548 39
431 614 15
432 434 42
432 438 15
432 505 28
432 508 49
433 459 26
433 565 33
433 585 12
433 592 41
433 624 34
433 649 15
433 660 44
434 459 23
434 474 11
434 480 47
434 553 31
434 555 11
434 583 33
434 677 16
434 697 30
435 443 19
435 474 22
435 480 17
435 502 21
435 538 41
435 646 15
435 650 50
436 443 19
436 462 41
436 473 27
436 494 11
436 556 30
436 571 33
436 587 22
436 589 24
436 610 16
436 636 17
436 645 33
436 660 32
437 438 30
437 472 25
437 496 26
437 555 27
437 659 48
437 667 39
438 448 24
438 619 22
438 663 49
438 674 36
439 584 50
439 626 38
440 453 45
440 525 42
440 587 18
440 628 47
440 633 17
440 651 19
441 501 20
441 551 40
441 561 12
441 609 32
441 651 33
441 666 11
441 697 50
442 445 46
442 553 16
442 578 18
442 605 33
442 632 38
442 647 37
442 650 24
442 678 28
442 700 49
443 468 27
443 471 41
443 477 29
443 481 14
443 488 16
443 508 34
443 616 10
443 628 27
443 646 37
444 567 10
444 600 38
444 681 27
445 476 28
445 505 19
445 562 42
445 610 11
445 620 24
445 700 21
446 476 38
446 511 47
446 534 28
446 560 39
446 601 34
446 644 17
446 691 36
447 473 12
447 528 17
447 675 33
447 699 17
448 488 25
448 517 20
448 574 41
448 661 49
448 684 12
449 455 11
449 478 15
449 576 14
449 581 34
449 615 15
449 629 11
449 639 44
449 687 34
450 455 28
450 464 42
450 487 49
450 501 28
450 573 21
450 591 45
450 601 37
450 634 47
450 637 24
450 665 34
451 499 22
451 555 39
451 665 45
452 499 18
452 569 36
452 571 39
452 592 13
452 657 29
453 602 34
453 628 10
453 634 34
453 642 33
453 662 36
453 687 16
454 555 22
454 574 11
454 592 28
454 593 36
454 614 16
454 648 32
454 652 13
454 655 46
454 657 27
455 520 41
455 557 28
455 594 29
455 595 37
455 596 48
456 485 40
456 542 39
456 547 14
456 559 26
456 592 15
456 604 40
456 617 37
457 536 36
457 550 30
457 560 44
457 565 50
457 644 16
457 688 30
458 471 33
458 491 33
458 496 42
458 507 38
458 544 40
458 610 15
458 617 37
458 645 14
458 649 16
458 667 30
459 508 49
459 517 35
459 574 19
459 576 20
459 633 45
459 649 17
459 690 35
460 481 26
460 522 36
460 529 42
460 545 16
460 558 13
460 574 18
460 578 37
460 594 50
461 464 20
461 465 11
461 587 21
461 629 41
461 662 17
461 684 25
462 477 12
462 501 44
462 507 10
462 564 17
462 573 33
463 464 30
463 534 35
463 540 33
463 561 38
463 583 37
463 592 31
463 624 24
463 642 32
464 499 33
464 551 13
464 590 18
464 642 41
464 680 38
465 467 43
465 484 17
465 545 43
465 573 25
465 580 35
465 649 34
465 656 17
465 680 31
465 689 36
465 691 11
466 491 36
466 505 13
466 530 31
466 535 44
466 667 22
466 681 49
466 690 43
467 474 34
467 485 45
467 490 16
467 499 17
467 530 44
467 593 49
468 480 48
468 529 11
468 540 35
468 551 44
468 569 46
468 666 15
468 668 30
468 692 41
469 474 45
469 546 17
469 571 23
469 646 31
469 693 47
470 495 11
470 583 43
470 585 46
470 587 21
470 593 28
470 638 48
470 643 15
471 565 21
471 583 43
471 592 33
471 601 26
471 639 41
471 676 36
471 677 40
472 486 35
472 570 27
472 582 18
472 678 36
473 616 46
473 669 43
474 483 38
474 495 26
474 520 24
474 637 10
474 651 27
474 677 15
474 681 22
475 479 25
475 514 47
475 536 27
475 552 13
475 612 17
475 690 49
476 490 10
476 570 14
476 661 43
476 666 35
476 699 22
477 573 36
477 593 14
477 617 45
477 632 17
477 668 41
477 680 34
478 509 23
478 517 39
478 528 22
478 533 33
478 621 25
478 636 32
478 646 10
478 653 23
479 514 20
479 564 47
479 595 12
479 614 27
479 654 25
480 543 27
480 558 20
480 613 19
480 619 24
480 646 37
480 652 29
480 664 27
481 486 12
481 540 28
481 562 43
481 620 17
481 633 35
481 648 41
481 651 29
481 685 20
482 511 32
482 671 38
482 696 26
482 698 23
483 495 18
484 525 22
484 566 33
484 568 16
484 573 17
484 588 24
484 591 34
484 619 25
484 634 37
484 679 47
485 488 31
485 542 50
485 557 30
485 571 10
485 581 23
485 600 30
485 611 12
485 635 25
485 696 45
485 698 50
486 577 28
486 584 42
486 696 29
487 531 43
487 564 39
487 627 48
487 644 44
487 670 21
488 514 19
488 522 37
488 579 45
488 584 33
488 606 22
489 536 42
489 540 28
489 564 23
489 610 43
489 619 35
489 639 15
489 667 19
489 671 13
489 674 36
490 552 25
490 555 43
490 639 10
490 675 24
490 676 17
491 512 26
491 541 33
491 549 43
491 572 38
491 586 22
491 665 28
492 498 28
492 507 49
492 517 13
492 552 28
492 580 32
492 585 38
492 606 22
492 641 14
492 643 49
492 678 19
492 698 50
493 513 34
493 526 41
493 543 32
493 659 25
493 683 41
494 546 39
494 623 28
494 656 11
494 700 39
495 521 10
495 531 19
495 593 23
495 620 20
495 681 23
495 696 42
496 521 13
496 562 35
496 569 49
496 607 25
496 609 10
496 637 30
496 667 32
496 671 18
496 675 17
497 574 43
497 577 20
497 585 21
497 620 15
497 699 20
498 520 26
498 533 34
498 555 35
498 579 25
498 683 16
498 687 24
498 696 32
499 559 27
499 584 22
499 686 32
500 504 25
500 525 26
500 532 40
500 567 38
500 574 12
500 577 10
500 667 10
500 672 36
500 681 28
501 531 28
502 559 15
502 599 19
502 611 50
502 639 36
502 659 41
502 688 42
503 582 24
503 586 41
503 657 32
504 513 27
504 518 29
504 544 29
504 566 32
504 577 40
504 621 37
505 520 40
505 578 29
505 584 11
505 608 37
505 643 32
506 556 38
506 589 16
507 588 26
507 597 18
507 633 27
508 519 39
508 572 46
508 605 22
508 610 37
508 641 45
508 652 46
508 676 37
509 546 47
509 564 27
509 593 39
509 637 26
510 574 50
510 596 23
510 617 34
510 638 42
510 696 23
511 579 10
511 582 34
511 617 30
511 673 14
512 584 47
512 586 31
512 648 10
512 661 40
512 665 28
512 668 13
513 560 37
513 585 28
513 608 13
513 651 50
513 668 19
514 530 14
514 539 41
514 604 47
514 649 43
514 684 27
515 521 32
515 545 11
515 582 15
515 591 34
515 628 24
515 700 32
516 563 22
516 579 49
516 674 10
516 677 14
517 530 27
517 531 50
517 552 17
517 618 40
518 559 14
518 594 33
518 640 10
518 648 18
518 657 27
519 530 43
519 647 22
519 663 37
519 687 37
520 522 40
520 537 39
520 540 13
520 547 49
520 566 33
520 575 16
520 587 41
520 614 37
520 663 49
520 671 18
520 690 44
520 692 16
521 545 29
521 687 43
522 589 28
522 636 46
522 697 37
523 530 46
523 561 41
523 582 14
523 584 45
523 605 45
523 638 50
523 676 16
523 686 42
524 581 33
524 582 24
524 591 47
524 619 37
524 647 49
524 665 36
524 678 39
525 543 39
525 600 25
525 625 33
525 630 42
525 638 27
525 658 15
525 685 48
525 695 46
525 698 41
526 590 39
526 664 12
526 673 29
527 550 20
527 580 10
527 597 48
527 608 18
527 612 18
527 648 28
528 550 35
528 565 40
528 687 10
528 691 18
529 542 21
529 571 35
529 575 38
529 576 40
529 599 27
529 619 39
529 626 26
529 672 29
530 569 23
530 592 42
530 604 19
530 608 38
530 626 34
530 655 44
531 541 42
531 546 25
531 689 17
531 694 47
532 544 48
532 564 11
532 585 34
532 622 20
532 628 44
532 654 40
532 666 12
532 694 36
533 620 19
533 627 28
533 651 43
534 566 31
534 632 15
534 644 43
534 654 31
535 591 48
535 655 45
536 574 23
536 625 24
536 646 13
536 700 21
537 554 41
537 572 32
538 541 50
538 592 21
538 617 13
538 633 47
538 662 11
538 680 50
539 551 21
539 553 40
539 569 13
540 610 25
540 638 43
540 653 22
540 654 37
540 656 49
540 665 15
540 675 19
540 686 39
540 699 41
541 548 41
541 610 19
541 678 17
542 619 38
542 649 39
542 655 41
542 671 45
543 550 15
543 601 29
543 629 10
543 652 31
543 658 48
544 600 30
544 644 26
544 645 45
544 653 41
544 686 26
545 554 43
545 611 46
545 657 10
546 586 33
546 616 19
546 621 33
546 677 24
546 688 25
547 587 30
547 612 45
547 624 18
547 669 44
549 551 44
549 649 18
549 669 47
549 683 38
550 641 27
550 643 42
550 662 25
550 663 41
550 681 42
550 687 50
551 678 29
552 560 46
552 573 39
552 594 49
552 606 23
552 614 35
552 636 48
553 559 41
553 578 29
553 589 28
553 621 15
553 642 32
553 669 17
553 676 44
553 680 33
553 682 14
554 577 11
554 591 19
554 624 23
554 669 26
555 597 17
555 601 41
555 670 49
555 684 28
555 691 14
556 611 40
556 612 30
556 684 20
557 570 11
557 612 45
557 632 31
557 657 33
557 685 37
558 572 23
558 635 14
558 658 13
559 592 49
559 654 13
559 679 45
560 586 41
560 668 32
560 682 49
561 601 32
561 640 11
562 601 26
562 609 23
562 644 20
563 620 35
563 662 13
563 663 17
563 675 48
564 577 11
564 603 42
564 640 46
564 642 35
564 675 43
564 700 43
565 631 26
565 691 18
566 589 48
566 642 23
566 668 40
566 687 15
567 595 42
567 601 33
567 613 43
567 619 26
567 630 14
567 641 46
567 676 16
567 691 26
568 591 24
568 610 41
568 638 49
568 643 50
569 592 40
569 594 20
569 607 34
569 628 27
569 630 20
569 679 13
569 690 38
570 578 23
570 581 31
570 590 15
570 595 37
570 667 36
570 670 49
571 573 34
571 607 13
571 643 34
571 666 10
572 617 15
572 618 41
572 636 22
573 588 19
573 592 20
573 666 37
573 683 24
574 586 22
574 637 49
574 645 42
575 608 44
575 614 19
575 640 49
575 652 45
576 618 48
576 622 39
576 680 17
576 693 42
577 605 32
577 606 36
577 679 13
578 657 46
578 697 21
579 597 13
579 614 13
579 627 22
579 647 50
579 655 47
579 662 37
579 679 40
580 605 21
580 626 23
580 645 41
580 655 41
581 605 13
581 611 16
581 628 34
581 661 34
582 595 25
582 670 43
584 586 19
585 665 29
585 666 40
585 676 13
586 591 44
587 636 18
587 650 33
587 658 30
587 698 20
588 595 35
588 603 30
588 654 41
588 695 39
589 605 40
589 628 10
589 641 39
590 601 34
590 650 17
591 615 48
591 670 20
591 674 12
591 689 46
591 697 35
592 600 31
592 614 21
592 623 27
592 652 17
592 682 18
592 698 34
593 603 35
593 641 23
594 611 43
594 616 19
594 633 41
594 700 46
595 619 16
595 654 25
595 663 50
595 682 10
595 699 48
596 600 47
598 602 12
598 604 13
598 636 16
598 642 16
598 652 43
598 666 34
598 676 16
599 603 12
599 621 28
599 642 35
599 647 38
599 657 50
600 633 41
601 667 43
601 685 38
602 623 27
602 648 43
602 679 39
603 621 17
603 630 31
603 631 26
604 608 50
604 618 27
604 621 41
605 630 22
605 632 42
605 638 34
605 659 19
606 612 30
606 633 15
606 653 45
607 637 29
607 665 17
607 673 48
608 657 23
608 685 27
609 635 31
609 688 48
609 693 40
610 653 11
611 652 13
612 656 47
612 659 23
612 684 42
613 631 40
614 678 10
615 620 34
615 663 15
615 672 12
615 698 30
615 699 20
616 622 42
616 625 33
616 626 42
616 688 44
616 694 17
618 624 44
618 680 41
618 699 47
619 653 11
619 655 17
619 671 22
619 672 50
619 688 40
620 628 40
621 638 44
622 634 20
622 670 35
623 690 34
626 684 22
627 696 40
628 652 21
628 684 29
628 692 18
629 673 17
630 641 24
631 638 46
631 639 50
631 663 43
631 677 41
632 658 23
632 671 34
633 666 33
634 647 27
635 667 40
636 666 18
636 693 37
637 662 46
640 688 31
641 694 43
642 649 49
642 700 23
643 651 18
644 663 34
645 693 35
645 694 15
646 680 23
646 682 25
649 693 25
650 651 47
650 695 24
651 683 38
652 689 30
653 660 28
653 676 41
654 668 39
654 676 31
654 679 49
655 687 23
656 675 10
657 663 46
657 683 27
658 663 43
658 679 40
658 689 28
660 682 13
661 665 26
661 674 12
661 679 32
661 696 47
662 665 32
664 681 13
665 668 17
666 688 20
671 697 44
672 698 37
673 700 32
676 682 34
679 696 18
682 691 15
684 700 26
691 698 50
