1000 2441 379
1 2 5 8 10 12 18 19 21 23 27 29 30 31 35 43 44 46 49 50 53 55 56 57 60 63 64 65 66 70 71 73 81 82 83 84 87 88 89 92 96 97 99 101 102 105 106 108 115 116 117 121 122 124 125 132 133 145 148 153 154 155 156 158 166 170 178 179 180 183 191 194 197 198 201 204 205 208 211 215 216 218 219 221 222 224 229 234 235 239 240 245 246 247 248 250 252 253 256 258 260 262 263 264 268 270 274 277 279 280 284 286 287 288 289 291 293 296 297 299 302 304 310 313 317 318 320 321 323 324 325 327 332 335 336 337 341 342 348 352 354 355 357 361 363 366 367 369 371 374 377 385 390 391 394 395 396 399 400 401 402 405 406 407 410 411 412 415 417 418 419 420 421 422 425 429 433 434 437 440 442 445 447 449 450 452 453 454 458 461 464 466 467 468 469 470 473 475 476 477 482 484 488 490 492 496 497 499 500 501 504 505 506 508 509 514 518 519 521 525 527 530 535 537 541 549 552 554 555 557 558 559 561 563 567 571 573 577 578 582 584 586 590 593 600 601 602 604 605 608 610 622 624 625 628 629 630 633 644 646 647 651 656 658 663 665 668 669 670 672 674 675 677 680 686 688 690 691 693 694 699 704 709 714 728 732 733 736 737 738 739 740 741 746 748 757 758 759 760 761 762 767 768 772 783 784 785 787 788 792 795 799 800 803 809 814 818 820 821 822 823 824 837 851 852 855 859 863 865 866 868 870 871 872 874 876 879 883 884 886 887 888 890 891 898 900 901 903 910 912 917 919 920 925 926 927 930 941 943 944 948 949 950 956 960 963 966 967 968 969 971 973 975 978 985 991 992 993 999
1 2 43
1 3 16
1 4 45
1 23 43
1 62 49
1 96 29
1 334 28
1 479 6
1 582 24
2 13 44
2 40 33
2 57 12
2 75 40
2 85 9
2 87 42
2 90 25
2 121 45
2 283 35
2 351 22
2 968 31
3 5 9
3 6 35
3 7 34
3 10 19
3 14 36
3 59 32
3 73 37
3 107 45
3 348 18
3 508 30
3 558 17
3 706 30
3 711 45
4 24 21
4 32 12
4 56 48
4 63 18
4 99 37
4 530 38
4 739 25
4 798 20
4 806 27
4 982 14
5 9 1
5 12 4
5 17 16
5 35 1
5 83 37
5 102 13
5 115 22
5 705 22
5 745 4
6 8 31
6 43 29
6 148 22
6 619 6
7 11 39
7 299 35
7 776 34
8 15 31
8 59 2
8 68 1
8 392 31
8 554 13
8 746 45
8 763 26
9 25 13
9 36 39
9 117 33
9 143 47
9 374 42
10 60 33
10 378 27
10 516 15
10 572 22
10 573 6
10 651 25
11 16 49
11 21 23
11 65 6
11 81 31
11 348 21
11 808 11
11 945 25
11 961 28
12 126 1
12 319 18
12 547 10
12 570 11
12 741 26
13 18 41
13 76 38
13 206 40
13 237 46
13 429 39
13 527 45
14 44 14
14 64 6
14 147 37
14 235 27
14 332 39
14 486 16
14 595 14
14 845 8
14 846 10
15 19 28
15 306 40
15 644 5
15 961 27
16 30 6
16 78 38
16 128 32
17 20 40
17 29 2
17 36 21
17 104 20
17 111 32
17 482 32
17 597 41
17 826 22
17 833 21
17 872 10
18 22 15
18 74 13
18 136 3
18 154 39
18 157 23
18 163 41
18 429 29
18 459 36
18 691 33
18 722 36
18 900 35
18 970 40
19 145 15
19 233 25
19 729 18
19 730 37
20 110 32
20 557 9
20 564 3
20 899 8
21 27 45
21 45 49
21 97 27
21 696 22
21 889 47
21 974 40
22 41 19
22 219 17
22 330 15
22 488 46
23 440 27
23 497 45
23 850 46
24 26 1
24 28 6
24 31 44
24 34 16
24 352 1
24 469 7
25 91 36
25 137 22
25 253 9
25 311 22
25 434 10
25 611 34
25 974 42
26 33 17
26 39 12
26 265 12
26 484 39
26 754 29
26 808 10
27 47 49
27 51 13
27 82 8
27 92 34
27 193 20
27 222 10
27 272 31
27 564 29
27 618 40
27 683 38
27 944 18
27 973 7
27 999 33
28 65 49
28 165 47
28 184 3
28 197 3
28 549 40
28 586 11
28 683 21
29 49 26
29 67 49
29 70 9
29 83 35
29 189 24
30 37 40
30 71 24
30 83 46
30 136 32
30 263 36
30 560 7
30 572 4
30 635 14
30 699 26
30 742 37
30 759 47
31 89 7
31 151 6
31 180 20
31 188 22
31 656 39
31 742 5
31 942 11
32 209 40
32 306 16
32 502 34
32 563 24
32 867 10
32 951 13
33 66 6
33 247 5
33 430 49
33 618 40
33 644 34
33 861 21
34 42 30
34 108 36
34 121 44
34 346 18
34 661 7
35 38 9
35 53 19
35 55 2
35 253 23
35 382 15
35 532 37
35 603 9
35 718 19
35 744 45
35 798 11
35 908 24
36 43 45
36 101 38
36 167 31
36 169 21
36 291 9
36 545 11
36 556 29
36 623 32
37 71 19
37 91 31
37 158 25
37 418 26
37 501 49
37 646 44
37 672 32
37 701 28
38 119 22
38 238 28
38 258 32
38 587 15
39 86 49
39 96 24
39 153 4
39 417 1
39 836 18
39 905 1
40 52 11
40 136 45
40 185 25
40 958 13
41 271 46
41 365 34
41 409 39
41 474 13
41 520 26
41 561 17
41 615 44
41 699 48
42 46 12
42 72 32
42 344 34
42 510 38
42 529 26
43 50 3
43 661 23
43 769 48
44 100 22
44 451 41
45 48 18
45 54 21
45 58 15
45 130 33
45 196 12
45 234 25
45 267 2
45 399 23
45 906 28
46 286 33
46 342 42
46 580 12
46 655 3
47 69 46
47 93 49
47 94 16
47 132 24
47 607 11
48 61 21
48 250 21
48 284 19
49 85 24
49 106 18
49 308 6
49 527 35
49 551 11
49 597 39
49 617 2
49 864 38
50 187 43
50 371 9
50 453 11
50 587 22
50 624 12
50 875 7
50 898 29
50 914 40
51 152 30
51 406 44
51 483 17
52 461 26
52 534 37
52 927 31
53 142 31
53 173 24
53 273 10
53 331 42
53 440 23
53 519 6
53 912 25
54 172 41
54 262 9
54 333 49
54 361 48
54 401 29
54 578 26
55 154 3
55 305 2
55 394 31
55 523 39
55 632 8
56 218 13
56 347 44
56 480 13
56 598 12
56 637 12
56 794 29
57 69 12
57 73 1
57 88 20
57 120 16
57 281 12
57 522 13
57 747 27
58 79 2
58 377 23
58 739 22
59 255 44
59 461 15
59 484 28
59 773 42
60 77 25
60 132 23
60 467 2
60 840 33
60 965 24
61 140 27
61 358 38
61 510 35
61 708 16
62 95 18
62 105 25
62 360 40
62 369 28
62 379 40
62 399 49
62 548 10
63 161 26
63 217 12
63 225 4
63 350 21
63 456 39
63 476 12
63 861 4
63 917 13
64 84 25
64 465 33
64 540 30
65 112 28
65 200 18
65 610 47
65 742 32
66 240 24
66 251 41
66 449 9
66 515 38
66 801 35
67 358 28
67 720 43
67 942 23
68 114 41
68 171 10
68 415 30
68 567 14
68 584 46
68 590 27
69 220 10
69 393 19
69 512 39
69 561 37
69 580 18
69 695 41
69 860 40
70 107 19
70 109 34
70 129 48
70 145 5
70 172 39
70 195 24
70 787 21
71 198 42
71 247 13
71 545 17
71 581 16
71 688 33
71 954 4
72 80 48
72 166 4
72 174 45
72 192 26
72 476 16
72 499 48
72 524 31
72 531 26
72 715 47
73 178 47
73 275 25
73 302 47
74 99 40
74 557 30
74 693 37
74 802 21
74 884 33
74 951 28
75 164 44
75 182 9
75 405 49
75 444 25
75 501 5
75 618 8
75 765 27
75 939 24
76 156 40
76 204 33
76 384 30
76 427 33
76 774 4
77 123 44
77 138 43
77 219 39
77 744 14
78 269 20
78 777 9
79 131 20
79 141 13
79 341 39
79 504 34
79 564 11
79 930 47
80 202 1
80 209 31
80 718 21
81 103 18
81 127 23
81 386 41
81 465 24
81 672 1
81 992 17
82 94 22
82 494 13
82 568 9
82 576 6
82 615 15
82 629 27
82 810 30
83 146 45
83 436 38
83 663 16
83 875 14
84 105 18
84 113 30
84 164 42
84 201 4
84 281 45
84 317 9
84 752 20
85 116 46
85 134 15
85 383 16
85 449 40
85 739 4
85 978 18
86 558 20
86 765 48
86 780 29
87 141 5
87 526 32
87 805 15
88 291 39
88 553 6
88 585 33
88 589 1
88 809 11
88 854 21
88 925 11
89 98 19
89 118 45
89 170 42
89 616 39
89 698 32
90 180 22
90 198 29
90 252 22
90 489 27
90 496 45
90 806 35
90 956 41
91 118 28
91 133 21
91 404 16
91 426 39
91 438 20
91 884 13
92 145 9
92 172 33
92 327 35
92 579 35
92 628 38
92 673 31
93 175 36
93 217 27
93 338 40
93 505 33
93 707 19
94 150 28
94 162 33
94 247 31
94 266 4
95 181 1
95 191 25
95 318 33
95 514 15
96 416 19
96 732 15
96 891 13
96 913 36
97 190 27
97 296 49
97 425 35
97 586 5
97 853 20
98 116 47
98 212 24
98 317 47
98 321 35
98 331 17
98 384 31
98 445 11
98 707 5
98 982 30
99 110 30
99 232 13
99 305 30
100 155 16
100 342 43
100 751 26
100 893 21
101 114 48
101 201 5
101 257 8
101 632 39
101 933 23
102 276 26
102 312 15
102 360 28
102 546 43
102 686 32
102 987 2
103 306 11
103 320 48
103 407 29
103 600 20
103 699 15
103 852 37
104 275 20
104 293 4
104 517 17
105 151 26
105 205 25
105 219 39
105 228 8
105 310 18
105 384 3
105 398 21
105 431 36
105 679 32
106 198 22
106 587 48
106 709 46
106 953 40
107 139 15
107 231 7
107 259 29
107 471 28
107 815 27
108 125 30
108 439 22
109 628 15
109 746 36
110 152 19
110 515 13
110 610 41
110 633 45
110 689 16
110 799 19
110 838 7
111 250 46
111 266 45
111 357 16
111 413 12
112 224 16
112 241 22
112 378 49
112 380 34
113 154 3
113 226 8
113 330 43
113 724 42
113 844 34
115 279 48
116 648 28
116 764 1
116 792 25
116 795 26
116 812 20
116 932 7
117 124 31
117 162 1
117 186 13
117 210 13
117 356 11
117 441 12
117 919 27
117 924 35
118 122 2
118 254 33
118 298 26
118 709 16
118 864 1
119 135 17
119 159 43
119 282 38
119 318 44
119 948 48
120 243 33
120 280 16
120 328 12
120 680 7
120 989 14
121 202 13
121 355 49
121 477 34
121 598 29
121 691 35
122 175 11
122 431 41
122 557 4
122 608 21
122 636 39
122 724 7
122 725 7
122 805 45
123 139 22
123 388 42
123 615 37
123 659 48
123 718 48
123 873 42
123 944 46
123 972 43
124 322 35
124 552 45
124 960 1
125 197 3
125 445 15
125 546 26
126 128 49
126 299 41
126 315 27
126 764 1
127 249 25
127 418 37
127 543 45
127 810 15
128 176 46
128 504 31
128 565 15
128 646 46
128 842 35
129 144 13
129 345 44
129 546 41
129 612 17
129 808 48
130 147 39
130 289 47
130 691 18
130 830 8
130 985 8
131 265 38
131 325 49
131 354 8
131 439 16
131 584 13
131 625 8
131 880 40
132 149 45
132 336 9
132 500 9
132 665 42
132 770 34
132 787 43
132 852 40
133 171 30
133 239 33
133 366 6
133 458 30
133 469 20
133 569 16
134 505 39
134 519 42
134 639 42
134 852 10
134 992 19
135 168 22
135 380 29
135 391 43
135 406 42
135 466 37
135 472 7
135 681 5
136 400 1
136 485 6
136 492 12
137 701 30
137 866 24
138 155 14
138 259 30
138 775 13
138 868 46
138 896 1
139 345 21
139 667 35
140 422 5
140 816 45
142 372 39
142 420 9
142 972 18
143 325 20
143 577 26
144 160 46
144 173 39
144 654 23
144 711 42
144 823 44
144 903 31
144 911 7
145 188 10
145 353 48
145 454 16
145 571 25
145 633 10
146 203 4
146 249 15
146 286 9
146 443 37
146 606 7
146 673 17
146 954 13
147 221 8
147 499 37
147 957 41
148 297 45
149 255 35
149 417 20
149 747 21
149 880 12
150 230 25
150 354 40
150 463 32
150 588 14
150 637 4
150 963 16
151 278 25
151 364 29
151 608 26
151 838 27
152 163 28
152 264 18
153 194 8
153 263 33
153 435 19
154 513 15
154 851 4
155 173 20
155 353 42
156 223 47
156 261 30
156 406 44
156 480 8
156 531 43
156 642 5
156 864 20
157 231 13
157 534 48
157 615 34
157 764 5
157 985 23
158 294 38
158 327 1
158 381 10
158 624 21
159 242 31
159 308 12
159 530 18
160 207 23
160 385 19
160 541 23
160 895 48
161 448 3
161 540 11
162 303 47
162 373 49
162 405 26
162 562 40
162 698 11
162 711 32
162 757 21
163 177 1
163 359 40
163 394 44
163 827 25
163 935 28
164 340 15
164 389 21
164 683 18
165 175 25
165 578 24
165 662 32
165 700 9
166 487 26
166 524 15
167 337 2
167 654 26
167 822 26
168 288 31
168 471 48
168 520 5
169 491 42
170 407 14
170 452 4
170 615 38
170 855 28
170 903 11
171 541 48
171 692 22
171 942 14
172 179 28
172 187 42
172 388 21
172 403 15
172 419 17
172 424 20
172 446 22
172 633 41
172 854 43
172 998 4
173 288 9
173 440 24
173 476 6
173 567 7
174 183 8
174 274 18
174 547 29
174 604 21
174 607 21
174 679 27
174 941 26
175 299 25
175 322 44
175 991 45
176 258 9
176 275 2
176 316 40
176 362 35
176 402 24
176 752 23
177 213 5
177 215 44
177 794 1
177 924 17
177 956 27
178 199 11
178 272 11
178 884 39
178 898 25
179 291 45
180 557 25
180 655 13
181 375 7
181 386 5
181 876 29
182 329 33
182 445 10
182 535 36
182 685 33
182 722 7
182 799 26
183 858 43
183 994 49
184 244 46
184 558 37
185 203 6
185 245 46
185 292 37
185 707 35
185 752 13
185 926 46
186 234 6
186 320 29
186 555 21
186 909 23
186 918 33
187 581 45
188 213 45
188 270 25
188 411 4
188 509 25
188 527 9
188 552 7
188 686 17
188 712 26
188 938 33
189 227 39
189 329 20
189 490 48
189 649 48
189 944 8
190 432 47
190 469 31
190 485 39
190 584 32
190 728 14
190 746 42
190 749 3
190 981 46
191 396 39
191 592 15
191 680 46
192 210 39
192 307 41
192 515 37
192 715 41
192 761 3
192 822 38
193 216 22
193 546 11
193 609 40
193 877 25
194 339 46
194 668 48
194 832 13
194 932 31
195 208 17
195 385 2
195 461 12
195 548 31
195 712 15
195 763 29
195 786 3
196 345 43
196 688 33
196 822 38
197 255 31
197 300 21
197 605 19
197 798 23
197 899 3
198 229 3
198 405 1
198 509 21
198 538 6
198 879 32
199 248 27
199 298 30
199 592 19
199 657 31
200 527 29
200 682 3
200 772 9
200 802 9
200 814 27
201 428 18
201 455 39
201 468 22
201 507 31
201 863 34
202 514 11
202 582 41
202 637 36
202 771 20
202 846 8
203 267 43
203 314 44
203 422 18
203 451 21
203 693 44
203 757 21
204 324 45
204 765 39
204 853 25
205 237 38
205 290 48
205 799 48
206 308 32
206 313 40
206 559 20
206 651 43
207 492 38
207 642 12
207 736 5
208 211 26
208 333 2
209 214 18
209 360 43
210 369 25
210 487 29
210 651 10
210 730 41
210 802 3
211 215 30
211 529 6
211 845 2
211 890 36
211 971 30
212 539 34
212 644 7
212 654 28
212 661 24
212 703 35
212 950 38
213 433 8
213 472 5
213 687 44
213 694 43
213 720 34
214 397 45
214 764 15
215 237 25
215 268 28
215 363 23
215 402 36
215 460 48
215 643 48
215 930 5
216 401 18
216 439 24
217 623 26
217 663 2
217 963 17
218 390 27
218 630 29
219 278 30
219 599 33
220 320 22
220 428 21
220 471 25
220 765 18
221 342 7
221 350 8
221 424 19
221 578 44
221 685 34
222 274 39
222 305 37
222 347 23
222 415 46
222 624 13
222 734 17
222 824 18
223 301 31
223 303 33
223 739 47
224 260 14
224 460 4
224 714 47
224 910 29
225 236 8
225 290 19
225 314 26
225 513 31
226 309 15
226 640 25
226 841 9
226 934 20
227 285 31
227 384 22
227 789 30
227 976 18
228 256 28
228 280 29
228 616 25
228 714 36
228 763 32
228 866 47
229 385 37
230 442 16
230 849 22
232 239 36
232 513 48
232 569 12
233 642 28
233 862 41
234 312 21
234 398 24
234 531 13
235 302 47
235 582 7
236 388 44
236 428 28
236 475 29
236 659 48
236 777 40
236 805 28
237 246 30
237 591 16
237 725 5
237 785 6
237 796 28
237 853 29
237 867 27
238 703 32
239 378 36
239 412 5
240 277 33
240 283 43
240 284 25
240 569 20
240 618 1
240 650 43
240 968 33
241 596 7
241 921 28
242 481 19
242 485 46
242 918 6
243 595 29
243 657 15
243 866 34
245 425 23
245 708 19
245 718 7
245 740 44
245 968 32
245 996 19
246 287 24
246 857 8
247 260 44
247 313 39
247 401 40
247 721 45
247 861 35
247 941 36
248 326 14
248 459 1
248 567 38
248 999 24
249 367 15
249 454 6
249 607 15
250 252 11
250 308 43
250 694 38
250 789 2
250 840 2
251 451 38
251 571 24
251 890 31
251 946 46
253 273 22
253 418 47
253 462 33
253 494 1
253 659 19
253 716 28
253 926 37
254 295 39
254 352 9
254 762 28
254 933 2
255 316 34
255 520 41
255 895 6
256 262 14
256 796 32
257 326 34
257 651 37
257 745 11
258 688 43
258 722 47
258 918 14
258 937 22
258 956 34
259 349 21
259 539 19
260 668 35
260 695 25
260 735 20
260 989 36
261 467 47
261 581 37
261 799 29
262 390 38
262 566 40
262 602 2
262 636 13
262 700 4
262 738 37
262 850 5
262 883 29
262 886 39
263 350 26
263 502 1
263 525 40
263 702 31
263 841 15
264 380 15
264 436 42
264 642 1
264 646 17
264 936 28
264 953 9
265 281 49
265 425 44
266 424 14
266 443 17
266 655 15
266 813 44
266 877 30
267 339 1
267 977 6
268 316 40
268 333 12
268 750 15
269 328 11
269 343 28
269 979 48
270 550 25
270 585 36
270 605 10
270 609 47
270 671 42
270 682 25
270 735 47
270 882 1
271 447 17
271 497 2
271 618 3
271 653 13
271 768 2
272 530 38
272 552 17
272 665 24
272 965 11
273 532 25
273 607 46
273 743 8
274 595 15
274 600 49
274 893 5
275 287 40
275 312 27
275 506 12
275 563 34
276 323 43
276 438 21
276 769 16
276 973 39
276 988 16
277 304 29
277 422 26
277 649 23
277 861 2
277 933 11
278 289 41
278 450 22
278 521 19
278 652 42
280 367 7
280 389 25
280 395 7
280 779 5
280 932 24
281 470 40
281 619 45
281 633 33
281 782 32
282 387 46
282 638 17
282 658 40
282 667 7
282 787 15
283 314 38
283 505 36
283 945 4
284 288 10
284 362 17
284 416 39
285 297 14
285 309 33
285 528 39
285 551 16
285 723 18
286 830 23
286 866 8
287 381 32
287 463 8
287 498 15
287 988 47
288 523 5
288 641 23
288 780 28
289 368 14
289 392 5
289 627 15
289 871 19
291 424 23
291 985 43
292 365 15
292 511 41
293 679 17
293 987 44
294 397 29
294 611 48
294 675 20
294 865 8
294 961 36
295 500 9
295 669 33
295 692 30
295 818 7
295 931 48
295 981 1
296 526 34
296 601 46
296 619 35
296 706 9
296 908 25
296 916 32
296 930 46
296 947 28
297 305 13
297 314 18
297 376 41
297 855 44
297 867 23
298 304 30
298 587 26
298 727 43
298 754 44
299 344 11
299 351 43
299 732 35
299 746 43
299 853 46
300 467 17
300 680 6
301 367 49
301 412 42
301 615 19
302 426 33
302 429 34
302 951 48
303 643 40
303 753 14
304 384 36
305 363 33
305 493 28
305 507 21
305 594 23
306 338 27
306 430 23
306 685 28
306 749 35
306 843 28
307 345 11
307 695 48
307 830 23
307 911 3
308 325 20
308 536 10
308 537 43
308 705 22
308 863 32
309 387 19
309 423 35
309 462 22
309 506 41
309 710 41
310 452 10
310 635 23
310 690 9
310 841 33
311 633 27
311 657 46
312 325 10
312 386 26
312 492 12
312 519 33
313 338 9
313 360 32
313 882 39
313 999 32
314 370 1
314 531 29
314 811 14
314 942 41
315 457 26
315 475 39
315 548 31
315 629 14
315 678 37
315 806 44
315 973 49
316 332 49
316 409 8
316 411 28
316 414 4
316 569 33
316 618 49
316 846 12
317 335 23
317 372 17
317 463 28
317 579 35
317 749 44
318 585 29
318 644 28
318 886 48
318 968 40
319 337 32
319 373 36
319 502 5
319 726 9
319 913 25
319 962 14
320 897 13
321 358 4
321 798 18
322 634 2
322 649 11
322 878 10
322 925 25
322 990 27
323 478 29
323 795 18
324 523 36
325 366 17
325 588 1
325 608 4
326 423 24
326 979 2
327 363 7
328 461 5
329 338 10
329 861 15
330 732 40
330 933 49
331 359 34
331 791 25
332 778 35
332 843 28
334 375 30
334 383 21
334 442 44
334 548 47
334 626 1
334 678 36
334 841 35
335 508 26
335 533 2
336 548 22
337 413 35
337 564 19
337 764 26
337 961 49
337 993 45
338 737 16
338 944 27
339 471 42
339 578 3
339 780 16
340 664 46
340 760 48
340 797 30
341 362 23
341 440 12
341 505 30
341 620 41
341 768 30
342 510 10
343 449 37
343 653 24
343 682 43
343 774 48
344 745 46
344 754 8
345 365 15
345 513 22
345 514 37
345 666 45
345 758 33
345 798 5
346 567 46
347 355 48
347 394 16
347 604 20
347 658 17
348 502 30
348 517 14
348 724 21
348 788 1
348 889 42
348 930 30
349 814 42
349 974 46
350 410 47
350 589 30
351 397 17
351 533 14
351 573 39
351 653 4
352 404 21
353 895 13
354 616 41
355 671 46
356 485 21
356 497 43
356 563 47
356 576 21
356 850 31
356 978 26
357 393 33
357 854 48
357 863 47
357 875 12
358 692 24
359 522 8
359 770 45
360 400 35
360 477 13
360 904 3
360 940 47
361 473 5
362 553 19
363 803 46
364 804 28
364 860 19
365 406 43
365 630 39
365 879 39
365 898 36
366 620 26
366 746 18
366 913 25
366 928 46
366 969 16
367 553 45
367 785 33
368 408 43
368 896 12
369 490 22
369 727 4
370 612 13
370 771 23
370 827 7
371 377 14
371 405 20
371 577 23
371 627 24
371 704 1
372 583 28
372 832 41
373 852 28
373 972 21
375 501 17
375 507 5
375 595 47
375 713 23
375 825 46
377 386 12
377 504 1
377 532 16
377 564 26
377 599 26
377 669 9
377 750 33
377 814 37
378 435 3
378 454 13
379 437 5
380 575 34
380 601 17
380 800 22
380 808 23
381 467 7
381 702 18
381 784 28
381 936 33
382 606 38
382 690 48
383 655 39
383 737 34
384 831 35
384 992 21
385 421 29
385 978 37
386 954 3
387 559 15
387 635 41
387 831 48
387 912 24
388 449 20
388 827 9
389 534 16
389 631 7
389 639 27
389 733 29
389 804 47
390 495 40
390 555 10
390 603 19
390 739 17
391 521 28
391 547 24
391 654 46
392 450 33
392 677 29
392 970 47
394 911 9
395 887 35
396 435 46
396 912 4
396 913 47
397 446 44
397 593 11
397 807 4
398 503 27
398 527 47
399 464 17
399 538 45
399 587 40
399 638 42
399 719 45
400 481 12
400 561 47
400 977 10
401 532 12
401 904 38
402 417 4
402 482 46
402 521 24
402 528 40
402 613 30
402 783 34
402 939 18
403 487 11
403 580 14
404 751 37
405 438 42
405 715 34
405 838 17
406 646 45
407 949 29
408 485 27
408 963 14
409 559 21
409 925 25
410 466 6
410 728 33
410 731 38
411 505 1
411 629 28
411 869 44
412 579 49
412 580 34
412 738 9
412 778 36
412 917 23
413 552 32
413 827 24
413 995 10
414 643 32
414 997 26
415 952 49
416 684 1
416 850 28
417 542 21
417 954 16
418 465 49
418 633 42
418 846 40
419 513 21
419 515 22
419 589 16
420 554 9
420 582 15
420 728 21
420 891 37
421 512 35
421 722 37
422 429 38
422 769 39
422 893 26
422 901 34
422 928 44
423 451 14
423 752 26
424 479 48
424 746 11
425 439 16
426 441 7
426 676 36
426 890 37
427 621 5
427 849 43
428 458 38
428 544 22
428 722 20
428 868 15
429 612 11
429 723 45
430 486 8
430 533 45
430 553 33
431 730 5
431 739 46
431 765 4
432 607 20
432 622 26
434 581 14
434 701 26
434 817 15
435 813 41
435 846 11
436 441 47
436 484 47
437 605 23
437 656 39
438 532 11
438 847 17
439 891 38
439 912 32
440 468 21
441 728 30
441 734 4
442 498 15
442 986 15
444 670 36
444 907 26
445 670 18
445 712 2
446 490 14
446 593 10
446 854 32
446 967 29
447 684 23
448 613 23
448 851 7
448 925 8
449 598 27
449 817 11
450 469 11
450 606 35
450 970 23
451 913 22
451 987 25
452 473 7
452 599 12
452 701 3
452 753 40
453 602 43
454 493 38
454 496 5
454 626 3
454 834 6
455 587 49
455 660 12
456 510 14
456 511 41
456 523 1
457 568 40
458 460 29
458 553 38
458 601 19
458 622 2
458 706 29
458 949 1
459 888 11
460 482 25
461 556 15
461 676 17
462 685 35
462 792 33
462 831 2
462 964 15
463 624 12
463 642 10
463 711 44
463 932 19
464 518 41
464 590 23
464 596 16
464 619 45
464 867 44
465 566 31
465 650 34
465 705 25
465 717 3
465 787 24
465 829 29
465 837 5
465 967 37
466 583 2
466 648 22
466 674 18
467 490 40
467 514 40
467 766 18
468 523 31
468 538 42
468 661 28
469 670 45
469 704 3
469 912 33
471 710 49
471 899 3
472 645 44
472 647 13
472 965 27
473 543 14
473 583 13
473 590 14
473 696 36
473 737 18
473 966 45
474 736 41
474 894 7
475 575 30
476 629 5
476 634 44
477 510 23
477 560 49
477 719 46
478 967 5
478 976 24
479 681 7
480 517 38
481 528 42
481 691 13
481 794 15
481 830 7
482 484 22
482 491 49
482 614 12
482 657 23
482 668 1
482 673 5
482 844 22
482 877 23
482 941 25
483 531 20
483 546 39
484 672 27
485 739 8
485 863 49
486 621 23
486 836 1
487 876 36
489 561 34
489 858 46
490 720 6
490 880 48
490 913 10
492 526 9
492 589 11
492 847 24
492 923 49
492 967 30
493 549 24
494 677 21
494 972 47
495 660 26
495 859 42
496 537 48
496 624 46
496 832 33
496 840 35
496 859 40
496 865 32
496 869 30
497 641 41
497 832 25
497 861 26
498 639 19
499 877 1
499 920 37
499 973 13
500 509 11
500 598 4
500 609 29
500 625 15
500 845 4
500 885 28
501 604 20
501 674 38
502 788 43
502 793 10
503 605 34
503 946 9
504 593 27
504 635 7
504 797 24
505 574 17
505 719 2
505 771 40
506 702 15
506 782 45
507 652 39
507 680 39
507 738 40
508 544 22
508 891 18
509 589 18
509 648 35
510 826 2
510 869 26
510 943 26
511 743 3
513 646 29
513 658 33
513 839 16
514 631 20
514 671 41
514 941 1
515 810 5
515 970 42
516 526 28
516 805 2
517 612 33
517 951 6
518 918 13
519 714 25
519 795 25
520 788 30
520 801 17
521 522 18
521 856 33
522 542 10
522 571 20
522 828 15
523 561 3
523 732 12
524 525 4
524 726 5
524 824 47
524 915 34
525 603 8
525 758 17
526 661 42
526 750 23
527 704 46
527 774 40
528 559 22
528 594 37
529 780 2
529 781 49
530 541 11
530 622 7
530 776 31
530 976 23
531 549 15
531 701 17
531 931 16
536 811 13
536 927 41
537 611 31
537 638 1
537 781 35
537 809 27
537 822 21
538 657 16
538 882 41
540 632 34
540 697 18
540 702 48
541 760 49
543 711 1
543 868 6
543 869 29
544 709 25
544 802 47
545 712 20
545 883 31
546 562 19
546 577 40
546 741 25
546 951 40
547 631 24
547 753 4
547 831 44
548 952 48
549 693 7
550 565 29
550 571 17
551 624 15
551 767 36
552 939 35
552 991 19
552 998 24
553 924 40
553 972 9
553 999 42
555 586 27
555 758 2
556 706 32
556 724 28
556 843 23
556 928 44
557 598 47
557 908 24
558 689 35
558 964 28
559 735 39
559 921 18
560 628 31
560 739 33
560 787 42
561 627 24
561 955 4
564 887 22
564 962 3
565 680 37
565 807 41
565 906 15
566 977 35
568 759 11
569 874 21
571 595 26
572 687 49
573 779 19
573 820 19
574 698 7
574 853 10
576 766 1
576 883 17
578 702 30
578 775 41
578 961 27
579 755 7
579 758 34
580 668 24
580 894 46
580 992 38
581 911 23
583 623 2
583 894 31
584 998 20
585 756 30
585 954 34
585 961 6
586 813 47
590 838 45
590 936 23
590 943 7
591 872 8
592 602 24
592 662 40
593 743 9
593 835 8
593 922 42
594 743 12
594 831 25
597 715 37
598 761 20
598 1000 31
600 875 47
600 884 3
601 615 17
601 694 9
601 788 40
603 800 20
603 896 38
604 822 43
604 894 46
605 850 4
605 924 43
605 933 22
608 647 13
609 689 5
609 825 31
609 893 30
609 926 32
611 900 40
613 685 36
613 862 17
614 621 9
614 694 8
614 755 9
614 946 7
614 990 5
616 764 21
616 968 24
617 639 29
617 872 4
618 648 24
619 838 49
620 763 23
620 993 33
621 832 48
622 993 23
625 649 5
625 668 46
625 950 46
626 633 21
626 896 49
627 721 19
630 834 48
631 678 26
631 738 43
632 664 41
632 947 21
633 751 14
634 857 7
635 726 31
635 930 28
636 807 39
638 665 44
639 659 19
639 868 15
639 998 8
640 652 38
641 795 46
642 778 39
642 916 8
642 983 12
644 813 19
645 884 21
646 753 16
646 971 48
647 951 39
647 969 42
648 827 24
651 987 37
652 762 37
652 855 20
652 951 43
653 676 29
653 885 23
654 961 5
655 965 22
657 884 1
657 932 8
658 664 41
658 720 6
658 748 8
659 744 18
660 738 2
660 756 19
660 823 9
660 848 49
661 897 23
661 945 14
662 898 13
662 932 23
663 678 26
664 929 15
665 786 4
667 841 1
667 972 25
668 817 12
668 948 40
671 947 4
672 750 22
672 789 19
674 803 27
675 850 10
675 871 29
675 902 44
676 716 10
676 745 48
676 801 9
677 828 6
678 741 1
679 782 37
680 750 48
680 864 11
681 781 32
682 939 20
682 940 29
682 945 14
683 867 25
685 805 14
685 834 7
687 783 20
687 993 29
688 717 33
688 914 11
689 963 34
690 917 36
691 708 40
691 811 4
691 830 44
692 785 36
692 944 32
693 760 20
693 894 32
693 984 41
694 833 2
694 886 15
694 901 17
694 950 14
696 748 35
696 754 38
697 740 9
697 805 44
699 959 38
700 938 16
700 973 49
701 892 41
702 890 47
702 965 20
703 825 2
704 915 31
705 897 49
705 933 18
708 804 12
710 840 30
710 873 31
711 748 32
712 784 20
712 960 10
714 739 17
715 823 25
717 965 42
718 870 13
718 941 11
720 844 43
720 989 6
721 764 15
722 761 7
722 869 8
723 760 13
725 734 45
725 794 38
726 808 28
731 991 11
732 738 8
732 927 5
732 942 22
733 820 4
733 899 48
734 769 23
735 766 8
736 761 45
736 915 20
737 966 9
737 996 32
739 999 11
742 816 12
742 877 41
742 911 41
743 772 11
743 843 21
743 907 22
743 997 16
745 746 11
747 864 17
747 900 44
747 957 44
747 984 34
748 756 1
749 826 25
751 873 36
751 980 17
752 887 42
753 841 36
754 755 34
754 881 46
755 805 5
755 833 6
755 976 26
756 811 5
756 849 46
759 812 47
759 887 19
759 967 22
761 967 2
763 857 47
765 794 22
765 978 4
766 949 37
766 979 41
767 923 31
769 844 39
770 987 29
772 881 32
774 810 13
774 996 9
776 804 41
776 875 1
779 841 23
779 886 6
781 790 22
781 819 26
781 821 14
781 866 5
781 892 26
783 790 45
786 886 12
788 933 15
790 842 30
791 797 39
791 801 9
792 936 41
792 939 27
792 945 1
794 851 17
794 941 49
795 886 25
795 909 25
795 959 2
798 943 7
800 852 3
802 885 22
804 848 40
804 873 46
805 912 9
805 959 33
806 867 46
810 936 1
812 910 18
813 997 21
814 847 6
815 941 24
816 997 5
817 972 34
819 958 13
820 908 37
820 919 49
820 945 27
823 912 41
826 954 20
828 886 21
828 908 48
828 980 29
828 997 40
829 983 49
831 920 38
831 991 43
836 971 8
836 993 13
836 999 17
838 991 16
840 856 49
841 877 47
843 894 26
846 996 5
847 950 37
848 979 11
850 970 23
852 888 8
853 987 17
854 943 39
856 997 9
859 916 19
860 899 6
863 982 10
864 887 30
869 951 28
871 910 34
877 988 27
879 997 8
880 955 30
882 907 8
884 952 39
889 931 40
889 937 16
890 964 17
894 951 24
898 903 27
911 958 13
915 952 37
917 975 16
925 985 49
927 948 2
928 951 17
929 931 36
936 987 42
938 989 10
941 974 48
948 958 24
958 966 41
959 997 5
964 974 10
968 988 39
970 995 41
977 981 40
