1000 1123 204
31 367 250 470 740 899 104 5 847 177 124 800 566 277 863 609 202 698 621 869 610 883 537 465 101 187 773 775 139 59 133 816 204 87 880 883 130 636 317 537 220 640 640 26 436 737 228 717 581 280 22 425 684 365 229 701 353 362 406 817 899 403 321 664 75 167 637 460 265 193 367 358 175 694 679 711 570 551 54 925 899 819 716 37 105 468 668 958 5 623 413 670 914 258 984 942 984 72 347 580 329 197 489 826 989 585 141 849 462 113 764 977 504 765 33 498 642 452 74 742 652 131 696 464 974 123 88 562 491 161 877 516 581 174 874 457 573 977 762 368 542 915 32 506 73 951 965 353 406 20 397 728 189 181 258 476 493 614 983 169 784 942 406 221 922 786 82 940 912 821 641 91 482 217 894 847 806 830 437 226 769 938 339 48 796 352 552 428 405 805 455 56 646 890 44 95 983 161 637 285 542 702 785 12
1 2 44
1 3 22
1 4 49
1 22 12
1 102 33
1 104 31
1 639 14
1 780 31
2 5 1
2 7 37
2 11 6
2 66 4
2 219 25
3 6 38
3 90 25
3 140 17
3 433 39
4 8 7
4 15 14
4 27 27
4 109 2
4 112 31
5 10 42
5 19 37
5 21 18
5 28 23
5 60 31
5 375 5
5 387 12
5 312 31
6 9 29
6 14 40
6 17 21
6 18 28
6 37 37
6 58 15
6 120 11
6 392 39
6 399 18
7 48 5
7 111 17
7 185 32
7 220 29
7 222 7
7 293 40
7 369 4
7 741 48
7 876 10
8 12 9
8 23 21
8 53 8
8 56 11
8 105 4
8 554 43
8 566 5
8 268 24
9 31 34
9 45 12
9 155 20
9 275 17
9 296 33
11 13 9
11 41 20
11 117 8
11 814 30
12 26 29
12 30 6
12 47 24
12 153 39
12 716 16
12 220 48
13 16 37
13 123 10
13 299 38
13 479 18
13 778 28
14 64 23
14 76 31
14 668 31
14 610 34
14 716 38
15 39 19
15 50 9
15 62 48
15 156 18
15 182 2
15 183 47
15 238 1
15 260 1
15 997 44
15 57 3
16 24 47
16 29 44
16 40 32
16 43 40
16 170 32
16 197 10
17 25 18
17 38 22
17 94 29
17 241 19
17 257 25
18 20 12
18 70 41
18 71 37
18 378 41
18 416 38
19 68 37
19 72 37
19 81 8
19 224 16
19 848 19
20 35 29
21 67 3
21 280 48
21 376 22
21 396 7
21 955 3
22 95 25
22 115 29
22 674 31
23 34 2
23 75 7
23 108 20
23 103 9
24 80 37
24 179 42
24 349 31
25 139 13
25 205 13
25 58 24
25 499 15
26 32 44
26 57 29
26 82 8
26 251 2
26 459 11
26 920 38
26 951 3
27 46 14
27 54 24
27 135 45
27 914 47
28 33 41
28 122 5
28 172 44
28 384 14
28 646 36
29 51 36
29 65 27
29 975 2
30 189 18
30 197 2
31 36 2
31 61 9
31 288 15
33 44 21
33 130 17
33 678 8
33 971 43
33 382 7
34 127 21
34 215 10
34 235 25
34 650 11
34 870 15
34 186 42
35 83 26
36 141 44
37 682 24
38 118 48
39 42 18
39 88 22
39 377 34
39 467 31
39 519 21
40 49 33
40 259 37
40 611 41
41 77 30
41 669 39
41 927 19
43 85 42
43 245 4
43 370 34
43 569 17
44 461 45
44 515 36
44 551 36
45 73 6
45 131 46
45 810 23
45 782 28
46 52 12
46 100 23
46 297 35
46 723 43
46 907 14
46 949 8
47 654 31
47 847 21
48 55 26
48 175 49
49 294 13
49 892 25
50 478 39
50 925 43
51 116 29
51 691 17
51 983 47
52 125 10
52 142 36
52 690 7
53 147 12
53 159 14
53 609 27
54 59 45
54 151 48
54 366 31
54 535 45
55 518 20
55 720 46
56 63 15
56 184 8
56 216 32
56 442 41
57 74 1
57 597 5
58 258 12
58 329 25
58 516 35
58 828 8
59 227 8
59 253 25
59 322 30
59 915 33
59 961 15
60 78 23
60 107 10
60 181 10
60 382 34
60 387 43
60 635 12
61 89 31
61 797 4
62 208 20
62 908 35
62 494 18
62 737 11
63 113 12
63 342 48
64 69 33
64 372 16
64 988 26
65 103 15
65 161 43
65 223 6
65 330 42
65 424 41
65 557 15
65 649 23
66 79 10
66 87 32
66 301 18
66 351 28
67 84 48
67 470 27
68 167 2
68 226 2
68 356 26
68 441 40
68 300 8
69 244 25
70 96 26
70 209 22
70 655 20
71 133 21
71 405 44
71 458 24
72 315 7
72 671 40
72 785 19
73 200 44
73 446 28
73 981 14
74 137 15
74 430 39
75 149 3
75 326 13
75 485 19
75 495 33
76 99 19
76 160 28
76 274 24
76 367 42
76 699 47
77 86 31
77 92 2
77 93 23
77 121 5
78 308 18
78 503 22
78 852 22
79 458 12
79 551 45
79 856 8
80 163 8
80 176 28
80 211 49
80 273 5
80 421 23
81 91 3
81 339 3
81 337 46
82 101 1
83 98 27
83 228 23
83 264 17
83 490 28
83 858 38
84 177 28
84 243 34
84 276 35
84 713 39
84 229 16
85 114 19
85 225 14
85 739 11
85 511 35
86 187 20
86 573 7
87 247 11
88 110 48
88 233 30
88 236 8
88 248 20
88 795 30
90 162 49
90 242 6
90 429 27
90 658 46
91 729 40
92 97 18
92 129 31
92 154 25
92 718 42
92 603 37
93 642 21
93 788 8
94 169 23
94 595 38
94 613 36
94 817 9
95 584 8
96 143 21
96 196 2
97 540 2
97 886 33
98 150 32
98 186 28
98 283 4
99 249 2
99 277 23
99 309 45
99 630 23
100 106 40
101 314 49
103 565 22
103 188 43
104 124 1
104 128 8
104 645 15
104 848 25
105 132 32
105 268 24
106 998 40
106 276 20
106 402 17
107 164 33
107 436 19
107 481 44
108 180 9
108 210 12
108 254 11
108 267 1
108 462 35
108 466 21
109 398 17
110 157 45
110 731 34
110 917 17
111 126 34
112 829 5
113 513 17
114 266 18
114 363 29
114 460 24
114 741 33
115 292 11
115 438 28
115 498 39
116 206 19
116 700 31
117 119 5
117 285 10
117 413 37
117 522 15
117 444 32
118 365 32
119 152 20
119 310 1
119 548 45
119 624 30
119 888 32
120 134 49
120 594 29
121 136 41
121 507 26
121 398 38
122 138 15
122 889 26
122 365 41
123 320 49
124 302 34
124 538 44
124 578 32
125 190 18
125 311 41
125 560 4
126 145 39
126 192 23
126 391 5
126 516 16
127 158 11
127 567 42
127 773 26
127 589 46
129 232 37
129 389 28
130 148 23
130 298 29
130 483 13
130 568 15
130 705 15
132 230 8
133 144 20
134 188 27
134 278 1
134 517 19
135 255 21
137 207 13
137 250 2
137 300 33
137 359 25
139 346 31
139 596 16
139 719 28
139 679 42
140 303 16
140 982 28
141 418 32
142 415 1
142 587 48
143 146 22
143 168 40
143 737 2
144 271 40
145 171 3
145 234 10
145 425 21
145 805 18
146 166 29
146 968 29
146 992 36
147 493 18
149 174 15
149 247 36
149 499 10
150 195 6
150 284 40
150 527 33
152 519 22
152 679 23
152 772 32
153 802 42
153 866 47
154 203 24
154 204 1
154 229 14
154 287 1
154 756 1
154 952 17
155 323 35
156 422 20
157 388 26
158 194 21
159 333 14
159 340 41
159 348 30
160 165 3
160 237 8
161 290 13
161 704 35
162 448 16
164 193 13
164 324 21
164 675 11
165 543 22
166 600 21
167 173 41
167 214 25
167 281 40
168 191 22
168 335 16
169 332 10
169 577 45
169 662 8
170 231 31
170 929 16
172 201 10
172 380 22
172 452 19
172 546 44
173 269 34
173 506 34
174 178 7
174 782 1
175 612 20
175 703 5
175 707 11
176 316 35
176 873 11
178 610 11
178 695 21
180 358 28
181 313 5
182 270 13
182 431 8
182 724 36
182 203 37
183 411 42
183 556 44
184 198 13
184 239 37
184 859 26
185 252 47
185 353 18
185 881 49
186 759 30
187 385 46
187 634 20
189 199 24
189 344 26
189 799 16
191 202 19
191 213 28
191 350 11
191 849 32
191 667 6
192 397 20
192 854 9
193 345 21
194 256 16
194 395 36
194 956 26
196 212 5
197 318 13
197 335 13
198 263 24
198 819 17
199 374 22
199 694 23
200 221 28
201 325 21
202 373 4
203 217 19
203 814 32
204 218 23
204 240 37
204 347 21
204 605 2
205 536 17
207 265 22
208 337 2
208 445 37
208 882 45
210 930 11
213 698 12
215 406 44
216 306 13
216 434 16
216 449 16
217 394 43
217 839 41
218 246 33
218 338 11
218 409 43
219 304 47
219 627 27
220 355 5
220 581 49
220 898 29
221 262 26
221 643 35
221 808 1
222 295 29
222 312 36
222 487 19
222 494 48
223 400 23
224 680 21
224 860 33
226 465 26
228 279 24
230 262 40
231 307 7
231 317 21
234 368 7
234 614 18
235 541 39
236 390 10
238 636 26
238 710 40
239 289 1
239 525 29
240 261 26
240 286 24
240 454 19
241 321 24
243 746 8
245 404 11
245 512 40
246 673 25
247 319 13
247 524 49
247 749 35
247 823 28
250 775 10
252 343 27
252 360 32
252 532 17
252 964 22
254 766 36
254 415 3
255 559 32
256 427 21
256 468 42
257 451 14
257 511 22
258 482 32
258 769 13
259 984 11
261 291 33
261 480 24
262 656 22
262 978 28
263 607 48
263 969 31
264 816 45
265 464 20
266 626 26
267 533 47
267 666 36
267 717 20
268 282 3
268 336 23
268 361 23
268 526 23
269 272 42
269 510 24
270 327 38
270 726 43
271 488 40
271 369 17
272 736 1
273 476 23
273 509 16
279 804 34
280 328 36
280 500 49
280 547 29
281 550 6
281 652 43
281 687 29
282 428 14
283 305 47
285 684 13
285 959 25
286 357 48
286 685 44
286 738 18
286 604 28
287 675 49
287 786 45
287 861 29
288 334 1
288 435 15
288 608 47
289 331 35
289 341 28
289 640 29
290 928 7
291 884 37
292 362 42
292 506 5
293 492 29
293 657 37
294 432 19
294 571 44
295 504 22
295 753 29
296 880 2
299 838 6
299 473 6
300 440 23
301 715 19
301 938 23
303 767 49
303 807 11
304 834 16
304 612 30
305 616 5
305 494 27
306 381 18
306 734 9
307 484 23
309 417 37
312 469 22
314 473 22
314 635 2
314 911 23
314 965 1
314 731 25
314 426 38
315 508 31
317 393 48
317 684 9
317 334 14
318 426 35
318 845 36
319 410 22
321 967 44
321 431 3
322 539 32
323 564 22
324 472 24
324 762 46
324 853 27
325 599 41
326 681 17
327 474 34
328 553 17
328 993 42
328 421 24
329 574 11
329 835 11
330 354 5
331 444 28
333 933 45
336 456 48
337 692 33
338 582 43
339 711 16
340 486 37
341 364 43
342 447 16
342 542 16
343 590 21
343 943 23
344 721 4
344 790 37
345 352 15
345 629 8
346 450 45
346 660 25
346 957 35
347 371 11
347 439 2
347 598 11
349 602 29
350 475 23
350 663 7
351 383 31
351 793 6
352 369 12
353 794 28
353 801 42
354 528 5
354 1000 48
356 497 29
357 386 12
357 987 29
358 505 32
359 401 21
359 637 15
359 854 35
359 865 11
359 360 42
361 990 19
362 674 9
364 412 20
365 701 17
366 379 34
366 402 10
370 419 38
370 463 42
370 890 44
371 725 48
372 408 18
372 437 3
372 588 45
373 575 49
373 927 17
374 453 14
375 491 6
375 819 9
375 381 39
377 407 19
382 414 17
382 552 46
383 677 19
384 403 48
384 570 49
385 545 16
390 709 23
390 777 18
391 798 25
391 813 37
393 791 22
396 757 17
397 702 11
397 844 15
398 501 49
398 872 36
402 457 39
405 902 20
406 443 16
407 520 42
407 589 15
407 739 10
409 586 33
409 693 35
409 999 38
410 420 40
411 855 26
412 620 37
414 561 25
416 423 41
416 742 21
417 530 18
417 558 25
420 422 30
420 689 22
422 455 36
422 496 39
422 667 11
423 529 8
424 617 34
425 815 26
426 537 46
427 512 11
429 534 4
432 486 31
441 837 6
442 632 31
442 641 18
444 521 15
445 912 46
446 502 4
447 745 49
450 622 26
451 514 1
451 562 18
452 549 12
454 555 44
454 591 27
455 544 42
456 489 28
456 885 23
458 576 5
458 644 11
459 945 48
464 945 44
465 471 22
465 493 32
465 676 26
465 714 49
466 874 27
468 477 20
469 563 13
469 585 2
469 621 21
469 960 39
470 665 22
477 640 29
478 653 12
480 751 39
480 995 18
481 843 41
481 985 5
482 661 41
485 576 35
487 974 33
490 986 40
491 523 37
491 761 40
492 941 10
493 580 48
493 583 47
493 831 49
496 821 29
497 840 6
498 818 5
498 583 11
503 601 30
503 728 26
509 651 40
509 894 47
510 963 32
510 904 13
512 926 37
514 600 37
515 904 3
517 531 30
517 625 9
518 592 12
518 755 41
518 820 7
521 623 2
524 727 16
526 922 40
529 648 46
529 931 1
534 633 3
534 783 43
536 982 37
537 631 4
537 944 31
538 606 15
539 875 2
540 874 43
543 743 23
545 998 5
546 572 11
546 581 6
547 899 28
547 893 12
548 579 32
548 966 44
549 686 11
553 615 8
555 696 39
555 697 10
555 895 45
557 852 36
557 835 11
560 752 5
562 764 46
562 901 10
562 976 44
563 744 9
563 846 13
566 966 5
568 770 2
568 983 15
568 596 15
570 826 39
570 947 39
572 603 8
572 706 2
573 811 33
574 593 29
576 619 44
576 664 29
576 747 35
577 857 12
577 939 17
578 730 44
580 748 42
580 768 2
582 672 19
584 594 16
586 733 8
587 784 46
588 708 39
590 869 41
591 604 10
592 688 41
593 873 21
594 779 4
595 647 34
596 781 20
597 763 37
598 618 22
599 796 27
600 887 19
606 712 43
607 740 5
607 918 27
610 900 3
611 927 27
612 638 5
617 875 18
618 827 42
625 628 35
626 659 24
627 885 1
628 850 45
629 823 36
633 836 33
633 661 8
634 683 11
636 716 44
642 824 31
642 991 6
645 742 26
645 825 17
648 754 29
655 800 14
655 806 47
655 692 21
656 735 37
660 670 48
661 833 37
662 789 42
665 868 17
668 792 18
678 864 23
680 758 8
682 951 40
683 759 6
684 888 36
691 982 17
693 879 5
695 787 28
696 754 49
697 774 23
697 876 7
699 977 24
701 722 35
703 732 48
704 898 34
705 916 35
710 832 33
721 954 16
722 972 39
723 923 39
725 896 9
725 996 8
726 812 1
726 822 36
726 897 44
726 854 33
732 841 47
732 774 28
735 750 4
738 950 43
740 765 7
742 771 24
745 905 47
746 913 36
749 952 48
750 866 20
751 924 4
751 900 7
752 776 16
754 760 28
755 779 34
762 958 36
763 823 8
763 921 42
769 936 47
777 851 19
781 878 18
784 803 38
785 980 34
786 830 24
787 906 24
788 809 29
788 900 3
790 897 11
795 994 41
797 990 27
799 883 46
800 970 19
802 973 41
803 925 3
805 891 21
809 970 20
814 871 26
827 934 35
828 942 7
829 877 29
831 932 48
831 962 10
833 935 19
836 946 20
838 842 6
840 867 4
844 862 18
844 863 33
844 948 21
851 999 19
855 927 48
855 965 23
863 921 48
864 880 35
874 919 39
876 893 10
882 977 21
885 919 43
891 910 9
892 974 46
893 903 40
893 937 2
896 953 25
902 909 4
914 995 30
915 940 46
925 963 33
929 985 3
961 979 8
967 989 27
