587
565
2 5
2 626
3 693
3 269
4 430
4 600
5 644
5 548
6 30
6 225
6 436
6 734
7 329
7 540
7 740
7 41
7 733
8 157
8 990
8 855
8 11
9 194
9 76
9 112
9 693
10 64
10 834
11 933
11 852
11 332
11 583
12 547
14 532
14 349
15 140
15 675
15 579
15 934
16 206
16 185
17 699
17 72
18 747
20 868
20 160
20 393
22 521
22 748
22 393
22 170
22 626
23 353
23 549
27 39
27 483
27 947
28 345
28 304
28 948
28 747
29 92
30 647
30 340
31 578
31 885
33 503
36 706
38 543
38 526
39 300
40 882
41 218
42 966
42 121
43 982
43 809
43 370
44 80
44 331
46 529
46 139
48 578
48 368
48 779
48 383
48 427
48 277
49 783
49 455
50 429
50 271
50 549
51 858
51 194
51 654
51 304
52 576
52 617
52 924
53 959
53 336
53 330
54 350
55 924
55 696
56 727
58 538
58 592
58 419
59 328
59 206
61 779
61 75
61 835
61 179
61 423
63 414
64 99
64 727
65 779
65 920
65 261
66 565
66 274
67 466
67 675
67 137
67 353
68 125
68 510
69 78
69 379
69 213
69 198
70 882
70 99
71 293
72 852
72 610
72 164
72 981
75 204
75 792
75 911
76 539
77 139
77 223
78 191
78 160
79 292
79 116
79 522
80 361
81 903
81 218
81 573
82 390
83 454
83 142
84 336
84 733
86 700
86 917
87 521
87 125
87 784
88 920
88 538
89 322
89 881
89 336
90 668
91 808
91 566
92 139
92 375
93 347
93 398
94 419
94 509
94 631
94 336
94 213
94 478
95 196
97 359
97 270
98 940
98 462
98 110
98 934
98 383
98 715
99 659
99 158
99 953
101 443
102 544
102 216
102 886
103 951
103 119
104 550
104 720
106 455
106 355
108 551
108 579
109 782
109 456
109 882
109 351
109 844
111 720
111 393
112 511
112 254
114 231
114 416
115 180
115 532
116 621
116 231
118 172
119 336
119 770
120 885
120 932
121 278
123 390
123 282
124 207
124 668
125 136
126 368
127 458
127 527
127 315
128 501
128 188
129 897
129 737
131 704
131 292
133 981
133 430
135 351
135 307
135 621
136 948
138 787
138 588
140 921
140 324
140 907
140 470
141 354
142 243
142 847
142 323
142 179
144 806
145 181
145 152
146 759
146 600
146 693
147 678
147 319
147 858
148 853
148 971
149 446
149 307
151 436
151 501
151 840
152 847
152 490
152 362
153 201
153 926
154 376
154 427
155 264
155 529
157 544
157 167
157 303
157 355
158 223
158 981
158 233
159 618
159 881
160 520
161 579
161 985
162 806
162 275
163 714
163 610
163 300
164 328
165 344
165 336
165 734
167 339
168 477
168 195
169 978
169 955
169 366
170 507
171 644
171 810
172 503
172 999
173 908
173 505
176 545
176 458
177 982
177 768
177 985
178 549
178 824
180 361
180 324
181 737
185 282
185 691
186 342
188 263
191 274
191 682
191 255
191 909
195 221
196 378
196 564
196 278
197 626
197 570
197 767
198 998
198 572
199 767
201 376
202 450
202 977
202 875
203 435
203 886
204 701
204 936
206 279
207 344
208 314
208 951
214 303
215 907
215 399
216 753
218 258
221 835
221 444
222 838
222 330
223 372
224 446
224 623
225 966
227 324
227 232
229 966
229 505
230 773
232 381
233 347
234 237
236 999
236 715
237 734
238 574
238 413
240 656
241 300
241 473
242 714
242 527
244 269
244 443
244 801
248 908
251 770
253 932
254 716
254 619
255 639
259 716
259 662
259 431
261 543
263 342
263 960
264 961
264 971
265 507
269 807
270 503
270 635
275 565
277 377
278 432
278 609
278 508
280 619
281 403
281 548
282 773
282 802
287 784
289 809
291 793
291 783
293 311
294 917
294 955
294 583
296 936
296 879
298 783
298 625
301 971
301 542
302 715
302 787
302 732
303 656
306 966
306 365
308 807
309 667
309 565
311 886
311 931
315 721
315 601
318 509
318 525
319 697
322 373
325 649
330 962
330 448
331 914
332 661
333 506
333 373
334 391
334 508
337 574
337 852
339 649
344 856
345 404
345 860
348 853
348 708
349 977
350 443
352 967
352 931
353 613
354 952
356 450
356 422
362 392
368 731
371 981
371 464
373 449
376 577
378 484
379 689
380 754
381 394
390 884
391 983
394 894
399 696
400 553
412 473
412 821
416 712
420 740
420 874
421 732
422 845
425 488
425 588
429 937
445 539
448 980
476 911
477 848
478 552
484 837
485 525
485 605
488 820
498 793
506 591
529 713
530 566
530 625
534 700
542 593
543 900
547 751
552 916
553 907
559 845
573 952
574 829
590 659
594 691
607 951
611 802
613 854
616 947
625 986
656 818
695 926
754 917
765 868
780 787
798 799
798 840
855 945
860 939
903 963
916 969
12 84
17 755
24 724
24 311
32 153
36 820
41 752
47 837
55 62
62 438
63 445
103 777
113 213
118 597
234 546
253 516
307 771
312 359
605 905
677 983
211 466
