259
259
1 237
1 457
237 11
457 6
2 66
2 115
2 121
2 147
2 292
2 400
66 62
66 258
66 337
147 7
147 21
3 137
3 244
3 262
3 405
3 460
3 491
137 106
244 53
262 9
262 26
460 18
491 5
4 100
100 6
100 382
5 72
5 144
5 164
5 473
72 336
144 208
473 17
6 8
6 16
6 25
6 46
6 92
6 377
6 380
8 21
8 54
8 93
8 126
8 200
8 423
16 218
16 315
25 22
25 228
46 314
46 401
92 127
7 47
7 56
7 96
7 117
7 233
7 353
47 89
47 428
56 201
96 67
117 27
353 24
21 23
21 52
21 76
21 145
21 185
54 103
93 50
9 30
9 35
9 274
9 294
9 379
9 465
30 44
30 120
30 141
30 158
30 169
30 210
30 300
35 80
35 483
10 48
10 194
10 197
10 209
10 348
10 375
48 34
197 29
197 75
209 284
11 73
11 191
11 429
11 474
73 142
191 20
12 74
12 216
12 392
12 462
12 496
74 87
462 39
13 86
13 260
13 428
86 464
98 38
98 49
218 19
17 234
18 76
18 163
76 81
76 296
76 450
163 37
19 324
19 488
20 51
20 97
20 153
20 461
20 497
51 108
51 271
153 39
153 99
153 333
23 332
52 383
185 85
22 88
22 193
22 312
88 167
193 29
24 113
24 269
113 219
228 43
26 190
27 38
27 112
27 202
27 236
27 487
38 65
38 83
38 368
38 374
38 459
112 176
29 165
29 458
458 440
44 69
44 386
44 430
120 91
141 211
158 42
158 310
169 241
31 83
31 90
31 301
31 326
90 36
33 381
33 413
413 36
34 277
80 68
36 64
36 78
64 156
64 442
78 132
37 60
37 232
37 318
37 507
60 170
60 370
232 396
65 45
39 123
39 128
39 278
39 451
128 101
42 251
251 363
43 124
43 290
124 355
69 213
69 282
45 55
45 227
45 367
55 151
55 243
55 259
55 435
89 231
49 173
49 415
415 84
50 57
50 323
57 256
108 230
108 346
53 160
201 321
256 207
170 506
62 111
62 239
239 157
156 366
67 205
205 437
68 79
68 166
79 161
166 255
87 134
87 515
75 281
81 104
132 498
104 196
84 107
84 261
84 421
261 133
134 394
127 94
94 319
99 242
101 494
106 426
133 154
157 478
207 247
