4136
413
1 72
1 3
1 277
72 66
72 531
72 105
2 11
2 30
11 15
4 5
4 15
4 578
4 68
5 321
12 204
12 380
12 268
14 179
14 314
14 280
14 30
14 366
179 501
179 516
314 20
23 36
23 8
23 66
36 184
36 53
36 334
27 33
27 43
27 555
33 26
33 85
29 47
29 252
29 97
29 95
47 271
34 63
34 441
34 311
34 537
34 117
63 9
63 52
63 162
35 38
35 65
35 37
35 308
35 55
38 51
38 529
38 145
38 487
38 492
43 78
43 30
78 485
78 168
78 362
58 543
58 87
58 377
58 392
543 253
71 138
71 21
138 560
82 169
82 201
82 104
82 163
169 269
201 352
201 263
92 239
92 554
239 119
239 160
116 13
136 163
136 60
163 571
158 445
445 134
445 475
178 155
501 504
198 545
545 212
199 249
199 287
249 37
249 267
215 499
215 311
499 528
221 376
221 586
222 461
222 471
222 135
252 511
301 544
544 305
353 191
353 307
353 234
355 538
355 439
378 139
378 570
378 175
378 532
437 450
437 68
437 528
437 286
455 550
455 365
455 95
550 100
469 529
469 281
529 176
321 155
6 10
6 3
6 13
6 508
10 91
15 16
15 17
15 192
65 559
46 81
46 20
81 495
52 289
52 583
52 50
52 54
52 114
57 291
57 397
57 348
291 16
291 386
87 447
87 40
66 127
66 124
68 203
68 75
68 115
68 99
203 468
83 209
83 18
83 363
209 282
98 348
98 139
137 448
137 220
448 490
448 534
141 392
141 211
143 411
143 229
143 120
143 129
367 183
152 549
152 13
549 183
160 337
165 572
165 267
171 296
171 89
171 310
171 77
171 237
180 530
180 84
180 246
180 159
260 438
260 424
438 238
283 385
283 587
385 248
309 405
309 364
405 351
323 571
323 182
571 388
346 559
346 196
426 510
426 432
510 290
18 45
45 124
26 298
26 381
555 164
31 192
31 277
441 403
441 457
51 56
51 369
56 174
56 187
174 417
485 338
115 153
115 290
153 372
153 347
122 429
122 154
122 76
131 164
131 134
131 313
164 118
176 64
183 304
304 305
304 340
184 479
184 359
193 443
193 155
193 586
194 466
466 352
466 505
212 563
563 41
247 522
247 383
247 424
247 227
248 253
391 229
391 459
365 427
394 541
404 574
404 129
8 41
8 439
8 356
16 352
16 270
37 24
69 275
69 19
275 140
447 257
95 111
95 256
99 261
110 436
110 299
436 24
200 187
200 85
479 509
479 591
202 217
202 208
217 40
217 308
217 49
468 230
204 593
204 592
220 330
220 214
330 133
251 299
327 368
368 534
358 488
358 230
358 462
488 552
525 547
547 508
91 474
20 77
20 294
28 234
84 337
84 70
337 187
102 108
102 536
105 149
149 425
108 175
166 430
166 127
166 575
430 380
224 242
242 474
245 567
245 536
292 581
292 514
581 307
310 333
310 88
333 59
351 589
351 595
17 101
21 19
21 54
50 188
50 274
397 408
127 76
127 413
120 60
120 172
246 415
187 423
213 449
213 379
449 413
424 540
288 331
288 19
331 553
306 495
306 135
306 491
3 111
308 233
308 498
124 258
74 575
89 470
89 48
89 524
191 54
471 435
233 226
364 384
364 560
369 419
172 259
259 238
509 521
509 295
489 591
489 250
516 223
67 413
67 241
70 507
76 90
121 157
121 271
121 128
123 402
123 532
258 243
552 477
48 523
133 177
170 401
170 155
173 507
173 329
322 408
117 112
243 518
340 541
356 558
347 345
208 214
345 484
375 491
53 566
226 399
433 135
475 493
287 556
55 181
423 420
265 223
112 373
379 494
185 188
177 335
403 414
414 458
129 396
