3534
879
4 44
4 47
4 73
4 110
4 119
4 125
4 219
4 225
4 243
4 315
4 363
4 547
4 162
4 430
4 555
4 639
4 760
4 780
4 783
4 880
44 12
44 258
44 293
44 296
44 332
44 333
44 339
44 763
44 434
44 557
44 696
44 801
44 850
44 944
47 55
47 83
47 89
47 160
47 182
47 250
47 356
47 520
47 761
47 271
47 660
47 713
47 883
73 43
73 414
73 495
73 122
73 156
73 464
73 549
73 721
73 735
110 154
110 455
110 699
110 107
110 456
110 508
110 654
119 310
119 675
119 72
125 261
125 821
125 888
125 22
125 46
125 129
125 157
125 193
125 196
125 222
125 232
125 279
125 401
125 597
125 789
219 582
219 715
225 671
243 74
243 404
243 743
315 697
315 943
363 48
363 399
363 586
363 611
363 657
547 24
547 407
11 31
11 103
11 114
11 158
11 266
11 277
11 307
11 349
11 433
11 454
11 499
11 171
11 294
11 516
11 698
11 153
31 18
31 38
31 208
31 283
31 331
31 368
31 419
31 428
31 757
31 787
31 882
31 248
31 540
31 886
31 998
103 104
103 144
103 220
103 506
103 612
103 744
103 997
114 137
114 569
114 693
114 730
114 746
114 910
114 967
158 121
158 235
158 385
266 14
277 255
277 345
277 400
307 729
349 856
433 77
433 194
433 227
433 373
433 909
433 915
454 453
499 12
12 203
12 205
12 269
12 533
12 559
12 653
12 716
12 311
12 462
12 476
12 534
12 714
12 753
12 766
12 785
12 795
12 828
203 330
203 34
203 109
203 224
205 57
205 343
205 365
205 662
269 29
269 970
533 41
533 398
559 864
653 375
653 522
716 952
14 67
14 98
14 134
14 172
14 195
14 711
14 210
14 406
14 511
14 637
14 738
14 820
67 19
67 56
67 75
67 146
67 280
67 474
67 15
67 254
67 287
67 442
67 572
67 737
67 982
98 136
98 168
98 200
98 20
98 678
98 953
98 969
134 191
134 180
134 468
134 503
134 626
134 722
134 764
134 873
172 891
172 409
172 614
172 962
195 130
195 21
195 40
195 619
711 251
18 320
18 325
18 484
18 777
18 97
18 204
18 209
18 475
18 829
18 963
18 322
320 830
325 76
325 237
484 181
777 986
19 229
19 244
19 352
19 755
19 814
19 988
19 123
19 164
19 217
19 479
19 685
229 60
229 482
229 583
229 116
244 316
244 403
244 483
244 765
352 80
352 504
352 992
755 27
814 949
988 589
27 120
27 145
27 221
27 233
27 295
27 615
27 681
27 17
27 115
27 147
27 178
27 192
27 346
27 388
27 610
27 834
27 905
120 165
120 84
120 509
120 703
120 871
120 926
145 304
221 334
221 827
221 16
221 578
221 806
233 49
233 247
233 415
233 782
295 93
295 773
615 42
681 707
38 149
38 273
38 321
38 451
38 575
38 634
38 818
38 106
38 240
38 335
38 971
208 52
208 288
208 297
208 358
208 897
283 590
283 673
283 996
331 112
368 762
419 105
428 63
757 309
787 348
882 874
149 238
149 337
149 539
149 577
149 709
149 837
273 265
273 527
273 965
321 37
321 938
451 518
575 731
634 461
818 725
42 351
42 386
42 728
42 840
42 95
42 189
42 212
42 469
42 493
42 528
351 391
351 416
351 579
386 341
386 621
386 927
386 90
728 887
840 405
43 45
43 143
43 177
43 394
43 133
43 441
43 624
43 724
43 842
45 71
45 174
45 418
45 69
45 263
45 291
45 429
45 438
45 771
45 867
45 872
45 923
143 99
143 155
143 411
143 421
143 687
143 800
177 264
177 303
177 382
177 939
394 532
394 571
394 836
258 202
258 323
293 843
296 550
296 635
332 78
332 184
333 214
333 574
339 603
763 701
71 257
71 408
71 426
71 525
71 979
71 3
71 6
71 241
71 327
71 683
71 751
71 948
71 972
174 113
174 638
174 920
418 708
418 833
55 477
55 515
55 554
55 179
55 228
55 259
55 951
83 360
83 914
83 359
83 936
83 964
89 769
89 70
89 79
89 131
89 584
89 945
160 561
160 35
160 94
160 702
160 803
160 881
160 985
182 25
182 412
182 487
182 651
182 894
182 956
250 183
250 215
250 422
250 535
250 661
250 727
250 817
356 13
520 723
761 991
477 299
477 959
515 117
515 425
515 664
515 740
554 197
554 492
56 111
56 231
56 246
56 402
56 471
56 616
56 734
56 5
56 32
56 36
56 173
56 201
56 239
56 281
56 328
56 449
56 941
56 974
111 679
111 23
111 54
111 260
111 284
111 353
111 427
111 444
111 526
111 537
111 551
111 726
111 984
231 866
246 7
246 30
246 282
246 587
246 749
402 890
471 396
471 536
471 754
616 317
616 686
734 380
60 68
60 152
60 357
60 443
60 460
60 514
60 66
60 245
60 387
60 556
60 644
60 647
60 674
60 682
60 815
68 65
68 141
68 364
68 439
68 600
68 625
68 10
68 139
68 169
68 290
68 306
68 342
68 576
68 592
68 609
68 893
68 906
68 966
152 33
152 148
152 216
152 594
152 846
152 955
152 973
357 234
443 336
443 937
443 990
460 170
514 302
65 100
65 128
65 138
65 300
65 338
65 473
65 519
65 568
65 580
65 933
65 2
65 206
65 278
65 470
65 607
100 312
100 417
100 51
100 132
100 289
100 602
100 606
100 632
100 742
128 87
128 188
128 223
128 268
128 497
128 796
128 960
138 167
138 91
138 142
138 298
138 370
138 750
300 640
300 732
300 902
338 379
338 463
338 542
473 530
519 305
568 62
568 424
580 81
580 423
933 772
75 207
75 563
75 186
75 267
75 350
75 372
75 816
75 989
146 392
146 101
146 384
146 975
280 58
474 467
141 126
141 292
141 301
141 420
141 377
141 510
141 770
364 354
364 736
364 748
439 397
439 739
600 436
600 459
600 797
625 124
257 8
257 242
257 946
408 85
408 378
408 680
408 712
426 810
426 161
525 324
979 799
414 790
414 900
495 369
495 447
495 450
207 96
207 127
207 481
207 548
563 599
76 344
76 361
76 779
76 86
76 159
76 347
76 374
76 458
76 538
76 558
76 781
76 812
76 942
344 371
361 187
361 879
779 838
78 253
78 1
78 862
78 908
253 199
253 308
253 390
253 541
253 922
360 672
914 190
769 329
136 648
136 794
136 9
136 494
136 546
136 598
136 704
136 823
136 831
136 917
168 39
168 276
168 383
168 643
168 822
168 858
168 863
200 140
200 552
200 758
200 813
99 118
99 491
99 26
99 211
99 791
99 841
118 151
118 490
118 92
118 393
118 605
118 895
118 912
491 903
312 759
417 505
154 175
154 983
455 64
699 466
679 318
679 340
137 486
137 776
137 807
137 835
137 954
151 275
151 633
151 61
151 82
151 448
490 916
310 355
310 622
675 185
675 968
165 150
165 88
165 524
165 570
165 655
165 869
261 395
261 531
821 649
821 688
888 285
126 226
126 256
126 595
126 802
130 601
130 53
130 135
130 529
130 613
130 641
130 778
130 845
601 326
191 719
191 59
191 272
191 650
191 717
191 808
648 432
648 691
794 431
486 523
486 588
167 898
167 313
167 435
167 485
292 102
292 286
301 163
301 28
301 521
301 646
301 798
420 478
420 718
420 50
155 213
155 457
155 627
155 899
155 978
392 176
392 775
238 108
238 270
238 501
238 623
337 198
150 366
150 786
150 218
150 236
150 720
150 904
366 565
366 690
786 585
275 629
275 694
275 819
633 839
633 844
175 319
175 545
561 437
561 517
163 618
163 878
163 314
163 452
163 666
163 710
618 889
878 465
878 875
898 544
891 413
891 472
891 756
719 362
330 166
330 274
330 676
330 774
330 876
330 928
334 645
334 684
334 809
334 892
827 695
482 230
482 252
482 440
583 249
355 513
355 636
622 976
