102
102
265 58
265 90
5 116
5 175
5 578
5 820
116 146
175 101
578 102
820 49
9 10
9 73
9 238
10 28
10 321
73 87
73 160
73 399
238 48
28 317
321 80
12 208
12 270
12 533
208 22
270 48
533 96
600 49
600 54
19 366
19 382
366 125
21 127
21 399
127 823
22 59
22 291
59 58
59 129
291 55
26 232
26 478
26 508
232 55
508 748
317 798
165 63
165 599
38 135
38 346
135 876
346 113
823 76
43 158
43 504
158 113
504 101
718 102
718 104
48 125
49 400
400 299
54 80
55 138
138 91
56 160
56 293
56 813
293 711
813 63
58 206
206 316
129 222
129 459
60 322
60 520
322 91
520 231
66 113
66 191
191 979
87 141
76 182
182 518
589 104
82 876
141 628
90 244
244 97
91 393
393 344
96 806
97 842
106 233
106 559
233 518
146 739
459 807
134 807
316 665
665 759
798 334
