1007
869
1 356
356 363
2 352
2 428
352 125
428 86
3 151
151 614
4 54
4 288
4 887
288 776
288 828
288 946
288 971
887 919
887 552
5 344
5 990
5 100
344 75
990 130
990 383
990 289
595 166
595 594
595 675
8 347
8 439
347 488
347 757
439 197
9 993
993 276
10 406
10 789
10 938
10 447
406 172
406 244
789 236
938 39
938 274
11 385
11 544
11 557
11 676
11 712
385 164
385 857
544 50
544 307
544 478
557 819
557 370
676 162
676 190
676 294
712 826
12 293
293 21
293 796
13 336
13 425
13 591
13 731
13 117
425 753
591 279
14 155
14 618
14 768
155 229
155 258
155 619
618 772
15 176
15 312
176 516
16 318
16 665
318 355
665 752
17 387
17 611
611 251
611 681
19 112
19 545
545 654
545 684
545 754
20 195
20 381
20 560
195 48
195 931
560 865
21 267
21 297
21 498
21 746
267 291
267 761
297 365
498 711
22 39
22 593
39 85
39 729
39 144
593 235
23 311
23 594
311 310
311 471
25 283
25 702
25 851
25 284
283 655
283 504
702 32
851 30
26 105
26 950
26 24
26 66
26 391
105 116
105 407
105 855
950 395
950 581
950 797
27 286
286 367
286 660
286 804
286 852
28 63
28 309
28 507
28 927
28 211
63 765
507 229
507 230
507 475
29 403
29 870
29 891
29 991
403 118
403 701
870 232
870 558
891 47
891 192
30 85
30 193
30 73
85 126
85 179
85 341
85 554
85 981
193 524
31 122
31 491
31 909
31 414
122 132
122 566
122 792
491 605
909 75
32 365
32 783
32 880
365 58
365 747
783 125
880 56
880 101
880 379
33 854
33 464
35 375
375 429
36 706
36 849
36 935
849 389
935 745
259 329
259 914
729 487
40 158
40 521
158 359
158 664
158 776
41 533
41 966
41 787
533 43
533 636
966 408
966 974
42 371
42 893
371 461
371 653
893 78
893 260
893 290
43 788
43 422
788 830
44 536
44 646
44 833
44 858
536 65
646 181
833 362
833 377
833 628
858 607
45 722
45 915
722 518
915 236
915 358
46 341
46 492
46 80
341 666
492 658
492 816
47 241
47 901
241 620
241 691
48 169
48 763
48 629
48 882
169 126
169 957
49 333
49 488
49 674
333 388
333 730
333 903
333 924
488 124
488 617
50 412
50 484
50 796
412 317
412 514
484 70
484 305
796 458
51 108
51 461
51 103
108 272
52 645
52 721
645 290
721 633
53 859
53 932
859 820
932 339
932 574
55 438
55 450
438 175
438 249
450 316
450 886
56 963
323 342
58 699
58 802
802 744
59 468
468 185
468 664
61 769
61 921
61 541
769 153
921 399
921 622
62 298
62 743
298 643
743 434
743 897
765 809
64 486
64 481
486 165
486 440
65 847
65 532
65 568
847 369
68 75
68 902
75 556
75 634
75 869
902 384
71 809
71 6
72 338
72 793
338 573
73 717
73 741
741 805
74 119
74 222
74 494
119 82
119 432
119 693
222 719
494 124
494 436
556 510
634 925
77 587
77 853
77 590
587 493
853 378
853 444
79 84
79 632
84 324
84 515
84 613
84 888
632 392
632 941
80 442
80 542
442 277
442 402
442 325
81 480
81 792
81 885
480 262
480 739
82 346
83 264
83 692
264 535
264 713
264 897
324 188
324 142
515 150
613 67
888 396
126 208
126 713
179 203
179 237
179 320
179 951
554 874
981 87
88 301
88 621
88 180
301 814
621 128
621 362
90 811
90 326
811 334
811 459
91 345
91 506
91 583
345 551
345 626
93 452
452 321
452 367
95 474
95 570
95 766
95 76
474 118
474 228
474 639
474 965
766 209
766 327
766 559
98 522
98 949
522 319
522 374
522 404
99 483
99 673
99 879
673 708
101 460
101 986
102 123
102 94
123 623
104 320
104 561
104 836
320 360
561 845
836 589
836 679
116 199
855 464
106 457
106 817
106 852
457 363
817 250
107 312
107 639
109 686
109 688
109 759
686 114
111 163
163 388
113 471
113 667
113 718
113 916
114 227
114 349
114 572
114 715
114 662
227 812
349 900
572 369
670 651
670 848
670 967
118 600
118 848
118 988
432 868
432 961
693 895
120 396
120 534
396 520
534 598
121 410
121 871
410 262
871 139
871 161
132 355
623 273
623 282
623 469
623 490
125 575
208 899
127 685
685 440
685 550
128 213
213 316
129 837
129 899
837 911
130 626
376 220
376 896
355 525
355 582
355 586
133 546
546 400
546 578
134 276
134 657
276 875
276 782
657 863
136 251
136 513
251 648
251 881
513 237
137 620
139 178
139 689
139 980
140 477
140 737
477 808
737 291
737 716
141 319
141 540
319 672
540 273
145 398
145 897
398 890
146 864
146 631
864 194
147 271
147 171
147 275
271 270
150 565
565 624
614 340
614 509
152 357
357 485
357 509
357 543
153 275
153 821
153 900
821 258
821 380
821 671
154 747
154 825
154 917
825 426
258 182
258 724
258 907
258 984
258 214
359 331
359 400
359 609
160 181
160 530
160 157
161 244
161 597
244 302
597 243
597 444
597 500
597 929
164 348
164 962
348 173
962 34
166 173
166 973
168 274
168 497
168 952
274 273
274 615
497 862
170 453
170 906
453 332
453 351
171 456
171 750
171 913
172 465
172 735
172 337
172 785
465 221
174 751
174 733
751 216
751 389
516 201
177 649
177 777
777 481
203 576
203 191
951 910
182 903
184 260
184 770
260 215
186 329
186 430
430 218
430 977
187 440
187 467
440 194
467 840
189 235
189 382
190 354
190 695
354 781
524 232
194 527
194 814
527 466
814 989
196 207
196 660
196 263
207 299
197 883
299 705
299 945
299 979
200 816
200 353
576 303
576 942
205 239
205 392
205 423
205 543
239 734
392 247
543 223
210 433
433 781
211 936
212 911
212 156
212 779
316 343
216 419
216 834
216 912
419 680
834 342
912 379
221 306
719 335
224 526
526 252
225 861
225 277
226 397
226 652
397 367
652 922
228 511
228 684
725 707
234 840
236 774
774 280
774 682
738 624
738 954
242 827
827 582
827 266
243 563
243 948
563 290
302 755
302 823
245 679
250 300
250 873
300 394
648 424
648 470
648 784
881 616
252 707
707 604
707 609
707 822
707 204
255 444
255 875
256 628
256 930
628 678
907 926
907 975
914 305
761 994
268 668
268 681
615 421
277 495
278 401
401 339
401 658
279 708
281 313
281 350
350 458
350 904
282 742
285 801
285 672
367 778
828 386
946 408
290 555
290 687
290 945
555 867
294 459
294 698
698 786
394 749
755 798
755 844
823 960
303 972
305 238
308 500
308 641
308 703
308 800
308 894
308 956
308 538
894 832
314 965
314 775
343 304
317 842
842 663
360 505
321 762
327 415
415 625
415 37
328 335
328 358
328 727
335 393
727 287
330 466
330 940
466 539
940 413
331 372
924 818
334 496
496 523
496 982
393 609
393 753
573 758
340 799
799 635
799 690
666 429
666 846
551 476
346 838
346 18
757 638
351 977
485 435
485 548
509 983
609 898
368 988
369 562
369 876
876 610
374 771
896 445
896 569
378 810
749 443
395 436
520 138
399 959
658 824
701 537
404 472
472 366
408 736
967 183
422 928
431 772
435 711
437 449
437 607
437 720
437 841
720 923
443 767
443 969
445 919
455 650
455 943
463 728
728 589
728 669
478 517
479 542
482 512
482 832
512 97
487 603
493 758
758 656
504 764
518 773
519 867
867 807
531 596
596 784
558 584
559 943
624 612
574 627
580 592
580 622
622 661
675 937
604 608
630 682
642 910
642 947
922 261
752 694
732 785
732 795
748 846
994 726
820 860
100 92
6 135
6 489
489 815
117 233
24 683
37 253
103 579
532 206
76 502
287 60
838 411
552 553
