1191
244
39 41
39 35
41 43
43 44
46 51
46 44
53 57
53 51
57 54
64 69
64 59
69 73
73 78
78 83
83 85
85 86
86 91
91 92
97 94
97 100
97 101
102 103
102 99
103 107
107 110
110 113
457 454
117 119
117 113
166 167
166 165
166 171
167 168
169 760
169 168
184 188
188 186
234 235
234 233
244 240
244 248
251 255
251 254
254 259
281 284
281 282
284 280
282 287
287 288
287 324
293 921
293 288
995 992
995 993
995 999
324 329
346 350
346 343
350 355
355 359
356 361
356 360
370 371
370 369
371 376
420 423
420 395
423 428
431 433
431 429
433 435
435 440
435 438
440 441
505 506
505 510
506 507
509 993
509 514
510 511
511 514
533 535
533 536
586 589
586 583
605 608
605 606
629 763
661 722
661 662
722 726
662 664
664 665
698 694
698 696
723 727
723 367
727 731
776 780
776 153
778 781
778 774
781 780
781 784
818 821
818 813
973 974
973 976
974 975
54 59
94 90
100 96
99 101
152 154
152 155
154 813
153 157
153 156
157 155
165 160
213 771
213 216
771 770
224 227
224 222
235 240
253 258
253 248
272 274
274 278
274 269
361 359
359 357
360 362
362 365
379 384
379 376
384 380
395 397
397 394
535 532
556 557
556 559
557 553
559 560
559 564
560 563
579 583
579 577
589 536
619 622
619 616
622 625
630 635
630 625
635 640
685 687
685 689
687 688
689 694
696 700
700 155
731 736
736 740
740 739
770 767
767 774
926 923
926 666
994 999
994 782
92 90
96 640
760 765
227 230
255 258
280 278
408 528
408 564
528 524
532 530
553 267
563 566
577 572
606 611
611 613
763 765
739 507
784 779
923 921
156 158
158 160
176 177
176 171
177 178
216 217
217 221
222 220
259 333
268 269
268 271
337 339
337 341
339 343
341 342
342 340
366 367
366 369
385 390
385 380
390 394
444 448
444 441
448 449
453 449
453 454
522 526
522 524
526 530
608 357
616 613
779 410
983 984
983 978
984 988
992 988
186 181
220 221
230 233
333 329
365 369
428 429
438 442
442 443
443 446
665 666
780 777
777 782
975 979
978 976
35 38
119 122
178 181
267 271
