188
187
1 368
1 849
368 780
849 173
849 184
33 94
33 272
33 391
33 824
327 87
4 66
4 80
4 203
66 414
80 139
80 905
203 17
203 41
203 74
6 63
6 282
63 995
282 13
282 89
8 646
8 686
8 995
646 29
9 69
9 747
69 61
747 24
775 15
775 54
13 70
70 250
70 824
14 132
14 138
14 340
14 601
132 105
138 690
340 449
601 24
15 124
15 373
124 170
373 36
16 427
16 745
427 484
745 21
17 344
344 232
38 234
38 953
21 767
767 54
61 32
61 390
24 75
24 139
24 156
75 51
156 50
27 655
27 690
29 173
29 453
173 161
453 55
30 50
30 587
50 269
587 274
94 71
94 243
272 154
391 312
36 516
516 41
234 320
953 62
39 614
39 786
39 984
614 40
614 71
786 51
984 88
40 733
41 486
41 932
486 628
932 216
43 51
43 91
51 958
91 78
46 500
46 562
562 165
47 54
54 209
269 531
958 177
193 103
193 165
209 123
55 62
55 202
202 586
122 105
122 374
122 910
60 237
60 274
237 558
414 140
71 76
76 660
74 87
87 125
660 281
154 382
85 166
85 999
166 133
125 325
88 246
246 114
246 148
89 133
133 717
243 936
103 919
919 147
105 942
942 749
109 586
114 629
629 119
119 171
120 265
120 597
597 144
121 316
121 910
316 144
374 624
123 377
377 145
170 983
325 160
717 147
187 145
148 811
382 665
158 468
158 827
827 184
160 576
576 842
161 375
165 218
177 511
511 314
216 598
598 858
231 295
231 891
231 965
295 343
891 253
965 232
320 437
558 406
253 296
254 494
254 665
494 610
314 383
383 967
449 359
628 593
610 874
