1739
960
1 45
1 54
1 136
1 181
1 229
1 253
1 258
1 279
1 295
1 319
1 341
1 345
1 395
1 429
1 501
1 550
1 678
1 679
1 726
1 764
1 775
1 826
1 895
1 902
1 904
1 917
1 928
1 951
1 963
1 969
1 108
1 139
1 154
1 183
1 236
1 269
1 393
1 462
1 596
1 986
1 164
1 570
1 586
1 178
1 213
1 278
1 530
1 105
1 151
1 100
45 589
45 592
45 760
45 762
45 866
54 573
54 783
54 948
295 26
345 24
550 5
726 2
917 91
963 90
969 96
2 44
2 66
2 72
2 110
2 157
2 329
2 412
2 415
2 461
2 470
2 483
2 581
2 600
2 657
2 661
2 663
2 728
2 774
2 815
2 820
2 911
2 920
2 965
2 971
2 220
2 291
2 330
2 344
2 388
2 452
2 560
2 111
2 147
2 241
2 248
2 445
2 185
2 128
2 140
2 109
2 193
44 603
44 853
44 879
44 536
44 704
44 819
66 667
66 666
72 816
72 894
72 796
110 10
657 65
920 87
965 3
971 80
3 190
3 244
3 296
3 311
3 312
3 356
3 375
3 503
3 633
3 730
3 786
3 811
3 865
3 88
3 102
3 222
3 281
3 374
3 402
3 577
3 613
3 126
3 158
3 475
3 818
3 835
3 186
3 320
3 238
244 22
311 29
4 133
4 247
4 251
4 273
4 288
4 313
4 351
4 373
4 408
4 450
4 457
4 460
4 477
4 488
4 492
4 496
4 509
4 532
4 553
4 584
4 662
4 671
4 716
4 745
4 759
4 801
4 823
4 867
4 909
4 927
4 939
4 237
4 294
4 528
4 620
4 733
4 118
4 137
4 156
4 254
4 520
4 101
4 129
4 99
4 122
4 120
373 6
509 12
509 43
553 39
671 57
927 5
5 77
5 112
5 142
5 205
5 221
5 394
5 524
5 554
5 559
5 611
5 758
5 798
5 813
5 830
5 863
5 132
5 210
5 874
5 117
5 124
5 144
5 146
5 401
5 409
5 134
5 121
77 7
142 14
758 34
798 78
6 84
6 149
6 159
6 242
6 255
6 261
6 302
6 397
6 443
6 502
6 529
6 540
6 564
6 608
6 659
6 790
6 793
6 814
6 839
6 841
6 843
6 881
6 882
6 171
6 941
6 160
6 198
6 515
6 176
6 365
6 555
6 398
6 252
6 116
84 929
149 11
261 8
659 64
839 74
7 163
7 191
7 196
7 208
7 381
7 430
7 463
7 476
7 485
7 652
7 693
7 770
7 900
7 901
7 947
7 148
7 153
7 184
7 188
7 206
7 306
7 458
7 717
7 125
7 199
7 219
7 166
7 333
7 104
7 197
7 209
163 16
476 46
693 67
8 107
8 123
8 454
8 513
8 523
8 525
8 721
8 735
8 769
8 787
8 788
8 827
8 935
8 217
8 233
8 557
8 114
8 343
8 301
8 97
8 113
454 9
721 70
9 131
9 155
9 309
9 316
9 500
9 606
9 674
9 706
9 831
9 878
9 127
9 130
9 218
9 285
9 322
9 346
9 349
9 612
9 848
9 883
9 204
9 290
9 354
9 240
9 115
9 143
9 138
309 17
500 49
10 182
10 223
10 232
10 263
10 328
10 380
10 386
10 451
10 597
10 639
10 683
10 697
10 715
10 734
10 776
10 822
10 908
10 119
10 234
10 245
10 419
10 551
10 707
10 684
10 747
10 194
10 249
10 372
10 202
10 103
10 106
223 18
386 27
683 60
11 175
11 423
11 622
11 630
11 640
11 922
11 161
11 744
11 145
11 162
11 737
11 228
11 141
12 180
12 226
12 239
12 282
12 314
12 338
12 347
12 425
12 484
12 505
12 545
12 615
12 629
12 646
12 688
12 846
12 921
12 930
12 187
12 207
12 436
12 713
12 792
12 169
12 168
180 13
545 31
646 48
13 293
13 385
13 406
13 542
13 587
13 656
13 694
13 777
13 781
13 803
13 898
13 913
13 926
13 310
13 418
13 392
13 225
13 135
13 340
385 35
656 15
694 68
926 86
14 152
14 165
14 257
14 336
14 416
14 527
14 585
14 696
14 705
14 725
14 757
14 794
14 201
14 265
14 490
14 504
14 511
14 565
14 765
14 361
14 466
14 544
14 789
14 435
14 167
14 150
336 23
527 38
725 55
15 250
15 299
15 422
15 447
15 479
15 494
15 552
15 574
15 595
15 685
15 739
15 755
15 768
15 912
15 268
15 539
15 563
15 868
15 174
15 177
15 170
15 179
15 799
15 195
422 30
552 51
574 40
768 63
768 71
16 172
16 200
16 256
16 300
16 371
16 411
16 700
16 753
16 936
16 944
16 271
16 413
16 687
16 318
16 702
16 212
16 224
16 264
16 270
16 427
16 189
300 25
371 33
371 36
411 20
17 274
17 473
17 593
17 695
17 741
17 756
17 779
17 795
17 891
17 919
17 286
17 421
17 676
17 173
17 216
17 227
17 203
473 41
593 42
795 69
18 192
18 231
18 428
18 556
18 568
18 681
18 472
18 607
231 19
19 434
19 442
19 449
19 673
19 712
19 761
19 763
19 829
19 845
19 453
19 869
19 362
19 623
19 303
19 382
19 276
19 211
19 215
20 277
20 321
20 325
20 327
20 368
20 448
20 514
20 566
20 569
20 833
20 852
20 905
20 942
20 235
20 350
20 363
20 259
20 424
20 367
20 499
277 21
327 28
942 94
21 243
21 348
21 364
21 370
21 390
21 469
21 548
21 625
21 650
21 655
21 729
21 736
21 890
21 950
21 405
21 649
21 809
21 907
21 214
21 337
21 342
21 621
21 664
21 710
21 610
21 298
21 465
21 579
890 83
890 85
22 334
22 366
22 634
22 669
22 690
22 877
22 283
22 353
22 638
22 749
22 497
22 230
22 267
23 399
23 491
23 571
23 699
23 722
23 750
23 791
23 887
23 899
23 952
23 266
23 289
23 326
23 478
23 537
23 605
23 246
23 377
23 331
571 50
750 73
24 384
24 400
24 431
24 601
24 825
24 897
24 332
24 535
24 543
24 644
24 307
24 260
25 272
25 407
25 498
25 590
25 616
25 682
25 708
25 740
25 751
25 304
25 308
25 275
26 379
26 387
26 742
26 773
26 797
26 923
26 280
26 287
26 323
26 433
26 767
26 284
26 317
26 262
27 292
27 297
27 383
27 432
27 675
27 855
27 870
27 903
27 547
675 56
28 369
28 464
28 561
28 591
28 594
28 719
28 937
28 339
28 358
28 468
28 617
28 642
28 599
28 780
28 932
369 32
29 335
29 378
29 389
29 487
30 324
30 482
30 582
30 851
30 858
30 880
30 391
30 441
30 670
30 800
30 305
858 79
31 315
31 359
31 437
31 567
31 614
31 619
31 641
31 844
31 357
31 360
31 481
31 628
31 648
31 727
844 81
32 493
32 512
32 526
32 668
32 689
32 711
32 864
32 896
32 480
32 856
32 506
32 808
32 438
33 352
33 404
33 446
33 583
33 632
33 654
33 672
33 403
33 636
33 680
34 510
34 518
34 522
34 533
34 784
34 821
34 420
522 37
821 61
35 355
35 376
35 519
35 653
35 602
35 631
653 59
36 410
36 440
36 456
36 495
36 724
36 857
36 444
36 558
37 731
37 782
37 609
37 645
782 76
38 414
38 417
38 658
38 805
38 862
38 875
38 914
38 534
38 575
38 626
38 766
39 396
39 439
39 474
39 486
39 549
39 562
39 698
39 701
39 802
39 832
486 47
549 53
40 578
40 743
40 507
40 748
41 521
41 624
41 691
41 888
41 910
41 426
41 598
42 459
42 467
42 771
42 916
42 746
43 531
43 576
43 772
43 871
43 924
43 455
772 52
46 471
46 546
46 660
46 677
46 940
46 954
47 580
47 618
47 714
47 508
714 62
48 489
48 627
48 723
48 778
48 837
48 847
48 572
49 643
49 915
49 953
49 516
50 686
50 810
50 859
50 925
51 538
51 517
52 872
52 709
52 840
53 541
53 850
53 860
53 934
53 604
53 637
53 854
55 886
56 588
56 635
56 720
56 665
588 58
57 651
57 970
57 938
970 92
58 718
58 732
60 956
60 817
956 89
956 93
956 95
61 647
61 842
62 692
63 703
64 849
64 738
65 949
65 884
68 873
71 785
71 861
71 893
71 943
73 824
73 945
73 838
74 754
74 806
74 812
74 834
74 933
754 75
75 752
75 804
75 906
76 931
78 828
78 836
78 876
78 889
78 892
78 946
889 82
80 807
83 918
86 885
986 98
