731
513
1 534
1 58
1 457
534 152
4 8
8 76
8 7
8 398
8 492
5 505
5 573
5 340
573 441
7 80
7 123
7 283
7 547
80 92
80 558
123 549
283 18
547 248
547 342
9 448
448 441
10 85
85 349
12 13
12 470
12 3
13 397
13 422
13 455
470 339
397 55
397 81
397 181
422 287
422 307
455 68
455 160
14 50
14 43
50 496
15 230
15 408
15 331
230 225
408 163
408 452
408 507
16 51
16 17
51 91
51 504
17 70
70 293
18 37
37 567
19 82
19 318
318 384
20 107
20 419
107 68
107 252
21 154
154 183
22 93
22 324
22 380
93 41
93 227
93 494
324 296
324 514
380 209
380 563
23 92
23 113
92 430
92 562
26 177
26 476
26 91
476 421
476 79
27 117
27 371
117 213
371 563
28 251
28 307
28 429
28 461
251 322
307 310
307 513
307 312
429 244
429 313
461 568
30 489
30 533
489 381
489 343
533 54
533 460
32 44
32 304
32 575
32 268
44 531
304 475
304 571
304 538
575 430
33 75
33 217
33 330
33 203
217 124
330 133
34 264
34 174
34 189
264 278
264 557
35 259
35 24
259 255
259 392
36 149
36 263
149 392
149 367
38 424
424 296
424 334
39 138
138 137
138 506
40 315
40 337
315 357
337 59
337 271
41 260
41 266
41 350
42 95
42 295
42 556
95 83
95 200
295 509
556 65
556 564
531 56
531 486
531 488
46 62
46 186
47 83
47 415
47 513
83 340
513 245
49 162
49 439
49 480
162 524
496 265
496 553
496 96
222 131
222 331
54 502
55 229
55 535
57 249
57 438
57 566
249 99
438 98
438 445
438 572
58 172
59 98
59 361
59 449
98 305
98 574
61 479
61 161
479 167
479 180
63 430
64 446
64 103
446 284
446 432
446 514
65 349
65 420
420 406
420 114
67 126
67 129
67 133
67 327
67 499
67 510
129 544
327 287
327 303
510 111
510 261
510 482
68 348
68 276
71 302
302 89
73 299
73 84
74 254
74 493
254 243
254 257
254 558
493 29
81 110
110 335
84 147
84 571
84 477
84 546
86 363
86 280
86 320
86 328
88 135
88 482
135 100
90 180
90 360
180 466
91 224
91 520
224 316
562 104
227 176
227 388
494 456
494 458
94 521
94 540
94 352
521 522
97 372
97 187
372 469
305 111
305 246
99 522
100 170
100 515
170 120
105 140
105 326
105 529
326 309
326 387
252 393
252 474
108 184
184 134
184 247
184 325
184 127
109 385
109 414
109 514
109 435
385 183
385 282
414 443
514 365
111 134
111 559
134 351
112 444
112 359
444 209
115 137
115 139
137 368
139 317
116 203
203 400
203 273
311 24
120 121
121 220
335 233
131 344
351 399
136 384
136 511
384 285
384 557
317 236
143 346
143 472
346 367
144 185
185 186
145 474
392 393
150 290
150 390
150 402
402 545
151 336
151 341
336 325
152 236
152 568
236 235
236 467
153 187
153 452
187 366
187 308
452 355
183 378
155 171
155 557
155 223
171 342
557 250
156 495
156 484
495 409
158 509
158 386
160 216
163 332
163 375
375 490
166 325
168 450
168 554
450 570
450 231
169 280
169 425
425 465
425 31
342 409
342 241
173 418
418 215
418 442
418 179
175 309
175 401
175 377
309 466
309 272
401 373
466 354
466 565
466 552
182 235
182 159
235 291
378 439
186 238
186 398
186 416
238 545
398 407
398 526
366 537
188 212
188 431
193 480
193 463
196 285
196 421
196 560
285 379
197 560
560 321
198 487
198 527
198 2
487 292
199 260
199 518
518 211
201 395
201 530
201 113
206 559
208 291
291 387
291 274
209 553
210 286
210 551
286 379
286 517
286 219
211 234
215 355
215 388
355 471
331 279
226 465
226 528
465 574
232 354
239 567
567 270
240 241
240 394
240 347
241 221
241 237
394 207
242 243
242 536
242 202
536 146
244 257
257 485
250 447
255 334
485 338
269 319
269 364
269 561
364 365
364 300
364 228
561 374
561 405
561 396
561 192
275 432
281 570
570 214
284 437
379 460
517 440
288 382
288 258
382 245
292 490
296 119
314 456
456 451
338 306
339 501
471 539
358 516
358 386
365 468
367 542
542 532
377 459
460 481
383 525
383 202
389 515
407 431
404 405
404 503
503 453
507 141
417 529
442 497
481 60
565 87
565 512
467 523
564 142
2 89
174 122
263 428
504 128
53 463
172 231
546 454
87 543
435 555
114 500
122 256
148 506
148 262
524 106
231 345
191 233
271 298
300 491
433 555
572 11
458 412
532 370
532 297
60 508
