985
85
16 267
16 329
267 683
18 589
18 186
589 628
21 225
21 366
225 5
126 64
126 391
41 683
41 243
597 143
597 6
64 349
72 329
72 292
72 294
78 186
78 438
96 573
96 608
573 293
100 293
100 557
113 243
113 366
391 176
140 530
140 176
530 390
143 492
492 208
158 488
158 438
488 61
488 281
176 666
666 532
196 619
196 35
196 77
619 653
208 695
577 500
577 564
236 569
236 303
569 539
268 292
268 281
564 532
325 610
325 227
610 653
628 148
349 281
500 574
1 148
8 206
206 346
35 289
61 227
61 357
294 557
303 644
289 695
386 390
386 369
574 285
574 348
2 504
504 369
3 644
7 647
647 285
357 313
313 10
346 513
513 608
348 421
421 539
421 4
77 9
