3148
314
1 966
1 976
1 958
1 949
1 6
1 942
1 7
1 990
1 945
5 18
5 3
18 47
9 36
9 2
9 39
70 77
70 79
70 68
70 67
77 84
77 71
77 87
76 84
82 83
82 85
83 80
87 96
96 104
92 98
92 102
92 101
98 88
98 106
98 94
98 107
94 104
118 223
118 218
276 301
276 153
276 148
290 247
290 329
282 313
282 191
282 195
282 189
313 337
300 339
339 306
339 332
339 316
339 329
339 323
305 340
340 304
340 327
340 350
340 307
340 308
354 364
354 365
354 342
377 382
377 386
382 388
385 387
385 379
386 379
388 395
388 392
395 403
427 512
427 406
512 548
549 495
549 477
549 448
549 473
549 487
549 458
549 490
549 508
549 535
549 543
548 495
548 510
548 454
548 552
548 518
548 513
548 464
548 509
548 493
548 459
556 598
598 558
598 614
571 603
603 613
603 572
578 605
605 613
601 615
601 613
615 623
615 607
615 606
623 626
623 624
630 642
630 625
647 754
754 794
692 796
796 740
796 682
796 757
796 684
796 689
793 713
793 760
793 687
793 676
793 746
793 686
713 794
795 740
795 658
795 699
795 667
795 782
794 772
794 799
794 679
794 797
794 774
821 812
821 828
821 813
863 911
863 909
911 935
882 931
882 854
931 880
931 949
931 877
935 976
966 934
36 51
47 20
80 73
85 79
114 195
114 101
170 279
279 306
279 168
199 283
283 200
283 196
223 286
286 320
288 234
288 236
247 122
337 320
337 307
337 306
337 310
310 338
338 301
341 327
341 297
341 318
341 330
336 307
336 303
350 357
357 361
357 346
364 367
364 368
361 359
361 368
361 358
361 356
379 374
406 403
406 401
599 613
599 614
612 609
612 610
642 718
637 682
637 687
799 802
802 812
802 814
832 836
832 839
832 829
832 838
836 833
849 843
849 844
852 845
930 942
934 900
7 30
30 49
49 59
59 68
61 69
61 50
69 71
69 64
79 86
95 100
95 101
100 113
104 125
101 115
107 140
229 287
123 257
123 252
257 291
291 330
284 316
284 207
367 373
401 407
418 477
607 583
609 614
609 589
614 604
614 621
626 631
625 621
772 650
833 831
853 880
853 845
932 958
51 64
88 103
103 121
103 120
115 200
125 272
292 332
292 259
303 277
359 363
407 429
454 412
845 844
3 4
3 10
4 2
4 11
52 65
52 44
368 360
429 520
552 575
651 780
651 632
828 822
920 937
937 925
937 990
113 182
318 285
358 352
358 344
554 589
554 588
554 590
604 575
624 622
632 650
10 44
121 238
109 154
109 156
120 235
120 234
212 285
285 215
374 371
646 746
646 631
822 829
925 868
277 154
287 323
650 775
108 153
122 245
281 182
281 185
356 347
553 583
360 371
610 592
421 490
67 53
854 883
606 581
