7245
639
5 9
5 35
5 12
5 745
5 3
5 102
5 115
9 25
9 374
35 55
35 603
35 798
35 908
8 68
8 554
68 171
68 567
68 415
12 126
12 547
126 764
24 26
24 352
24 28
24 469
26 808
26 39
352 254
39 417
39 153
417 402
57 73
57 2
57 69
57 281
57 522
202 846
202 514
202 121
81 672
81 992
81 103
81 465
672 789
88 589
88 809
88 925
589 492
589 419
181 386
181 876
116 764
116 932
116 812
764 721
764 616
117 162
117 441
117 186
117 210
117 919
162 698
162 757
118 864
118 122
118 709
864 680
124 960
960 712
136 400
136 18
136 485
136 492
400 977
400 481
138 896
138 155
896 368
158 327
158 381
327 363
177 213
177 956
198 405
198 229
198 538
240 618
618 271
618 75
248 459
459 888
253 494
253 25
494 82
263 502
502 319
264 642
642 156
642 916
642 463
642 207
267 339
267 977
339 578
270 605
295 818
295 500
314 370
314 811
370 612
325 608
325 312
325 366
348 788
348 517
788 933
371 704
371 50
371 377
371 577
704 469
377 504
377 669
377 386
377 532
504 635
411 505
411 188
456 523
456 510
523 561
523 288
523 732
523 324
458 949
458 622
482 668
482 614
482 484
668 817
486 836
486 14
836 971
836 993
499 973
499 920
514 941
941 718
537 638
537 822
638 282
543 868
543 473
576 766
576 82
576 883
766 735
657 884
657 932
657 538
884 600
667 841
667 282
841 226
741 546
748 756
748 658
756 811
875 50
875 357
875 83
792 945
945 682
810 515
810 774
17 29
17 872
29 70
55 305
55 154
55 632
49 617
49 308
49 551
49 106
617 872
305 297
79 564
79 141
60 467
467 381
467 300
122 557
122 725
122 175
337 564
176 275
176 258
275 506
195 385
195 786
195 461
195 208
385 421
208 333
333 268
211 845
845 500
845 14
217 663
217 63
250 789
250 252
254 933
254 762
933 277
262 602
262 700
262 850
262 256
271 497
271 768
271 653
271 447
277 861
277 304
861 63
861 329
322 634
322 649
634 857
335 533
533 351
445 712
445 182
445 125
445 670
712 784
622 530
462 964
462 309
466 583
466 410
466 674
583 473
510 342
510 477
516 805
516 10
805 755
805 912
555 758
555 390
660 738
660 823
738 732
738 412
694 833
694 614
694 601
694 950
694 901
833 755
761 967
761 722
795 959
795 323
959 997
927 948
927 732
18 22
18 900
20 564
20 899
20 557
28 197
28 586
197 125
197 899
43 50
43 6
50 453
50 624
46 655
46 580
655 180
655 266
154 113
154 851
105 84
105 205
113 226
161 448
161 540
448 851
448 925
786 665
786 886
200 682
200 772
200 802
210 802
210 651
307 911
307 345
911 394
378 435
378 454
435 846
386 954
954 71
954 146
452 170
452 473
452 310
454 496
465 837
469 450
743 273
743 593
743 772
743 843
800 852
852 888
852 134
745 257
745 746
30 560
30 635
153 194
63 225
63 476
63 917
225 236
71 247
71 545
71 37
71 688
166 524
774 996
84 201
84 317
201 101
201 468
85 739
85 2
85 134
85 978
739 485
739 999
739 390
739 714
266 424
104 293
104 517
146 203
146 286
203 422
150 637
150 963
637 56
170 903
170 407
170 855
172 403
172 179
188 552
188 527
188 145
188 686
224 260
224 112
700 938
321 798
608 647
351 653
369 490
396 912
441 426
500 598
500 132
500 509
500 625
598 56
524 525
524 726
525 603
547 753
547 391
753 646
605 850
605 437
850 675
671 947
671 355
947 632
691 811
691 481
811 536
733 820
820 573
644 813
644 318
31 742
31 89
31 942
31 656
742 816
33 247
33 66
70 145
145 92
145 633
145 19
75 501
75 182
87 141
97 586
101 257
135 681
135 472
135 406
681 479
156 480
213 472
213 433
207 736
472 647
215 930
215 363
237 725
237 785
239 412
274 595
274 174
280 779
280 367
280 395
779 886
288 173
288 284
289 368
289 627
289 871
319 726
328 461
328 120
345 798
798 943
361 473
473 590
476 629
476 173
515 110
609 689
609 926
689 110
625 649
625 131
732 96
781 866
781 821
866 286
816 997
997 879
997 813
846 996
846 14
1 479
6 148
10 573
11 65
11 808
11 21
14 64
14 44
14 595
66 449
308 536
308 159
53 519
53 273
82 27
82 568
133 366
133 569
366 969
173 567
186 234
234 531
918 518
918 258
300 680
680 120
490 720
490 446
720 658
720 989
517 951
951 32
677 828
828 522
989 938
814 847
847 438
27 973
27 222
27 944
27 193
560 628
110 838
110 799
110 610
838 991
932 662
182 722
182 535
552 272
221 342
235 582
582 420
241 596
241 112
596 464
245 718
718 870
282 787
381 702
426 302
481 830
830 130
530 541
530 159
549 693
549 531
574 698
574 853
590 943
857 246
226 309
130 985
131 354
131 584
131 439
480 56
174 183
236 475
287 463
287 498
463 624
294 865
294 675
522 521
522 571
593 446
916 859
735 260
3 558
25 434
36 291
36 545
449 817
568 759
132 336
420 554
420 728
296 908
310 690
313 338
338 329
338 737
394 347
492 312
697 740
697 540
737 966
222 624
222 824
32 4
32 306
32 563
171 942
69 220
220 320
853 204
863 982
982 4
964 890
551 767
103 306
103 699
175 299
178 199
178 272
199 592
193 546
403 580
424 746
429 612
438 532
532 401
759 887
56 218
281 470
232 569
232 99
569 874
506 702
341 440
440 468
440 23
401 216
218 630
917 975
96 891
891 508
297 285
662 898
723 760
723 285
993 687
22 219
22 488
191 592
309 387
498 442
627 721
387 559
439 425
439 108
347 604
464 399
674 803
812 910
37 418
687 783
616 968
843 332
115 279
