308
304
1 202
1 884
202 26
884 51
884 71
3 46
3 555
46 710
555 49
555 64
4 458
4 537
537 40
5 27
5 266
5 864
27 162
27 228
266 22
266 248
6 515
6 710
515 90
750 112
9 195
9 201
9 245
9 330
195 345
201 91
245 665
330 787
10 127
10 205
10 211
127 98
205 207
211 28
11 607
11 649
649 70
146 103
146 225
146 493
15 68
15 403
68 246
68 343
68 744
68 957
16 74
16 194
16 338
74 141
74 433
194 172
338 81
18 820
18 828
18 940
820 29
828 48
940 24
20 198
20 544
198 80
198 588
544 115
544 356
22 516
22 517
22 794
516 49
794 48
23 219
23 548
23 585
23 703
23 976
219 72
548 112
703 43
24 718
718 91
26 276
26 363
276 38
363 36
162 71
162 77
162 118
228 414
28 500
500 37
29 142
142 299
142 606
30 57
30 106
30 961
57 608
106 154
106 623
961 108
31 77
31 302
77 143
77 325
302 290
32 81
32 381
81 400
81 692
34 262
34 987
262 59
262 221
987 50
36 95
36 128
95 623
128 552
37 144
144 73
38 450
38 652
450 73
40 433
40 469
43 740
740 59
45 135
45 521
135 525
521 121
48 83
48 400
48 757
83 174
83 376
83 507
83 698
757 101
49 50
50 82
50 107
82 58
107 721
51 663
663 55
52 113
52 190
113 109
113 470
190 178
54 98
54 681
98 492
681 69
55 333
55 612
333 888
612 151
58 744
58 984
984 75
59 150
150 445
60 560
60 717
560 64
717 164
64 685
685 87
65 157
65 174
65 504
65 654
157 121
654 119
66 173
66 993
173 71
67 721
343 80
69 109
69 111
111 329
111 540
70 351
70 449
70 528
351 895
449 179
528 105
71 286
286 104
286 841
72 92
72 166
92 267
92 393
141 368
75 292
292 105
143 910
325 643
79 269
79 713
79 966
269 324
713 85
713 101
692 116
376 427
507 126
85 200
85 315
85 731
200 261
315 131
315 486
731 130
87 482
482 779
90 908
908 556
267 305
393 103
492 441
104 600
600 176
105 125
105 947
154 660
108 404
108 743
110 819
110 888
819 344
470 187
115 406
406 184
116 401
118 399
399 421
119 274
119 303
274 337
303 222
126 474
130 569
569 140
131 182
131 301
182 186
182 691
301 591
525 259
137 606
137 633
633 596
140 977
299 661
225 597
493 844
508 159
508 465
148 178
148 236
236 235
151 159
161 735
161 802
735 448
802 197
164 459
459 218
459 332
172 405
405 181
176 370
179 197
186 616
186 905
691 708
184 283
283 874
616 321
187 210
210 969
261 554
207 944
216 597
218 624
222 642
235 694
694 520
305 277
324 617
486 696
321 644
617 926
441 919
