5954
496
1 238
1 253
1 410
1 774
238 291
238 681
253 370
410 28
410 52
410 547
774 5
774 44
2 242
2 695
2 746
2 859
242 185
242 854
695 23
859 160
3 101
101 76
101 587
36 61
36 164
36 203
36 349
36 504
5 447
5 537
5 570
447 137
447 305
537 142
570 333
6 90
6 513
6 855
6 856
90 285
513 60
855 268
7 82
7 371
7 453
7 705
7 834
7 882
7 974
7 994
82 41
82 358
82 506
82 965
371 412
371 610
705 58
882 32
8 73
8 517
8 642
8 817
73 411
517 96
817 49
817 133
817 138
9 47
9 194
9 445
9 897
47 24
47 189
47 729
194 171
897 18
11 217
11 307
11 389
11 552
11 685
11 692
217 261
307 117
389 32
389 161
552 77
685 75
692 35
13 57
13 408
13 676
57 92
57 357
676 21
14 764
14 992
992 29
15 603
603 24
17 628
17 687
17 696
17 850
687 21
696 677
18 188
18 652
188 76
188 132
19 120
19 289
120 39
289 38
289 165
289 761
20 83
20 668
83 246
668 63
21 203
21 896
203 107
22 124
22 398
22 762
124 89
124 126
398 531
23 272
23 294
23 308
272 37
272 46
294 38
308 52
24 201
24 577
24 614
201 28
201 955
25 220
25 309
25 335
220 299
220 443
220 551
335 50
335 221
27 270
27 750
750 179
28 213
28 485
28 906
213 480
213 893
906 222
29 275
29 697
29 839
275 283
275 690
697 160
30 229
30 287
30 386
30 452
229 122
229 186
229 200
229 627
452 63
452 68
452 70
31 60
31 179
31 432
31 604
31 957
60 35
60 645
179 360
604 67
34 288
34 504
34 654
34 704
288 50
288 195
288 377
35 39
35 929
39 72
39 734
39 758
61 121
61 175
164 42
164 852
164 898
349 95
37 59
37 79
37 421
37 438
37 781
37 986
59 241
59 908
79 48
79 211
79 314
438 49
438 85
986 66
38 69
38 646
69 148
69 337
69 867
69 969
646 881
72 643
72 849
72 861
758 99
40 348
348 88
41 439
41 689
689 848
42 80
42 174
42 490
80 88
80 183
80 342
174 111
174 833
490 549
44 331
44 397
44 409
331 91
397 795
409 240
46 286
46 312
46 877
46 931
286 169
286 178
312 131
312 352
189 933
48 225
225 50
225 119
225 233
49 81
49 990
81 716
50 105
50 350
50 534
534 983
167 132
167 814
167 873
52 114
52 376
52 450
52 541
52 611
52 709
52 934
114 232
114 469
114 601
114 818
450 417
709 98
53 130
53 156
53 411
53 853
53 977
130 354
156 71
156 344
411 777
461 67
461 763
207 344
358 102
92 725
92 727
58 70
58 159
58 943
70 182
159 104
241 542
121 248
62 457
62 544
62 811
811 206
64 182
64 339
182 618
182 632
66 345
66 555
345 89
555 972
67 583
67 598
583 134
598 94
68 78
68 842
78 557
148 648
337 843
969 290
71 526
71 778
526 428
75 216
75 407
216 958
407 108
76 658
76 956
658 765
956 982
77 300
300 136
211 787
314 783
88 252
183 748
716 235
506 184
84 104
104 493
104 591
85 384
384 97
252 257
252 891
285 915
91 559
727 118
93 748
93 871
94 486
95 361
95 396
95 670
396 177
96 586
96 904
586 864
97 226
97 475
97 478
97 699
226 466
475 489
98 416
98 516
416 448
516 100
587 128
102 301
102 644
644 239
591 224
107 127
127 302
108 617
617 144
111 249
112 218
112 757
218 212
218 228
757 153
469 260
118 202
118 206
202 125
206 328
206 772
122 771
771 166
126 143
126 237
126 259
125 330
330 511
237 284
128 256
256 145
256 576
354 210
131 393
393 153
132 296
134 162
134 434
162 367
138 157
138 187
138 527
144 204
144 254
204 343
254 318
145 820
154 976
976 267
161 191
161 369
367 724
165 468
166 510
171 364
364 872
177 306
306 181
360 215
181 282
282 355
184 608
184 802
185 271
186 430
430 366
195 567
200 293
293 536
343 405
343 507
208 619
208 815
619 221
210 838
480 660
215 298
298 935
228 401
228 743
219 511
511 530
299 262
221 554
224 519
233 773
466 362
627 488
235 359
359 512
291 822
681 250
240 845
250 425
257 952
318 280
260 651
267 637
267 690
283 353
280 680
680 427
355 423
353 880
915 424
377 707
290 538
290 592
536 800
305 796
352 938
423 455
362 801
610 916
373 417
373 597
597 565
455 440
427 462
428 629
