1103
289
12 28
12 29
15 18
15 5
18 47
19 50
19 28
50 64
50 59
50 43
32 33
32 31
33 34
47 38
64 89
89 109
89 86
86 119
109 84
94 95
94 93
102 113
102 91
113 145
105 126
126 145
106 133
119 141
116 132
116 139
132 147
139 145
139 124
139 153
139 136
145 173
147 141
128 142
142 133
142 141
136 140
154 124
154 177
151 177
151 150
158 159
158 157
183 184
183 182
202 203
202 201
213 223
213 220
223 247
218 232
218 231
232 230
227 262
227 217
262 240
262 238
247 231
247 261
268 285
268 233
268 297
261 283
260 263
260 266
288 267
288 287
263 282
266 273
266 235
283 296
282 289
265 273
265 287
273 295
285 296
295 318
289 317
317 322
318 299
297 315
315 329
315 327
299 309
309 321
329 321
310 314
310 312
314 322
338 339
338 346
340 341
340 339
341 342
346 371
371 403
351 352
351 350
359 373
359 348
373 387
373 386
373 368
387 405
382 420
382 425
420 397
420 405
420 449
420 400
425 461
389 397
389 390
391 392
391 390
392 393
403 419
419 414
419 400
409 421
409 414
409 406
421 418
449 466
449 482
449 481
461 486
461 424
448 455
448 424
455 460
460 468
459 466
468 443
486 507
463 481
482 485
473 477
473 479
485 529
487 525
487 479
525 553
525 510
490 491
490 498
491 492
492 493
493 494
501 507
501 523
501 526
523 508
523 527
526 498
506 514
506 524
514 547
514 531
508 540
508 555
540 511
510 524
511 516
547 529
527 520
524 537
537 544
544 549
549 558
558 593
554 585
585 621
593 615
593 588
581 619
584 605
605 595
603 619
603 586
588 616
616 638
615 594
594 597
597 595
613 631
613 641
619 628
631 665
638 608
618 628
618 634
628 655
621 626
626 634
655 649
665 627
665 645
645 661
645 670
661 694
670 673
670 675
670 707
673 666
694 683
666 674
675 714
683 723
723 732
707 684
732 747
733 747
733 743
787 775
787 784
763 794
763 750
794 777
771 775
771 815
775 777
791 792
791 799
792 815
792 836
795 799
795 824
824 845
836 865
865 852
5 29
40 42
40 43
42 41
56 83
56 84
83 75
59 76
76 87
153 174
173 219
174 166
166 155
219 238
233 240
327 361
361 370
348 349
381 402
381 370
402 418
555 574
574 576
576 586
608 627
714 734
743 754
754 750
30 31
30 38
72 74
72 75
74 73
199 200
199 210
220 211
230 210
368 362
406 408
91 92
155 156
180 181
180 191
211 191
217 214
362 366
408 407
214 216
216 215
349 350
200 201
92 93
156 157
181 182
