1748
87
2 1
2 3
2 163
2 141
6 25
6 26
6 15
6 17
6 4
6 503
7 603
7 687
10 12
10 1
10 20
12 30
12 38
37 47
37 11
37 43
1 77
1 105
1 8
77 78
18 40
18 41
18 28
18 3
687 688
688 689
3 16
3 251
691 692
691 690
692 693
4 386
4 5
4 23
386 387
5 426
5 22
5 604
5 9
5 420
5 451
5 472
30 49
44 46
44 110
78 79
79 80
80 81
689 690
32 388
36 39
36 45
39 42
39 452
105 106
426 427
11 29
11 83
29 420
48 141
106 107
107 108
34 9
81 82
33 474
427 428
693 694
13 428
388 387
472 473
473 474
14 694
24 503
604 603
35 165
82 83
31 252
163 164
164 165
252 251
108 109
451 452
109 110
