2406
904
5 25
25 45
7 27
27 47
10 30
30 50
16 36
36 56
17 37
37 57
18 38
38 58
19 39
39 59
22 42
22 2
42 62
29 49
29 9
49 69
32 52
32 12
52 72
34 54
34 14
54 74
35 55
35 15
55 75
56 76
41 61
41 21
61 81
44 64
44 24
64 84
69 89
58 78
78 98
62 82
82 102
63 83
63 43
83 103
66 86
66 46
86 106
67 87
67 47
87 107
68 88
68 48
88 108
70 90
70 50
90 110
79 99
79 59
99 119
81 101
101 121
84 104
104 124
108 128
110 130
102 122
122 142
117 137
117 97
137 157
118 138
118 98
138 158
121 141
141 161
125 145
125 105
145 165
126 146
126 106
146 166
134 154
134 114
154 174
136 156
136 116
156 176
142 162
162 182
165 185
148 168
148 128
168 188
150 170
150 130
170 190
155 175
155 135
175 195
182 202
185 205
188 208
172 192
172 152
192 212
202 222
187 207
187 167
207 227
191 211
191 171
211 231
193 213
193 173
213 233
195 215
215 235
197 217
197 177
217 237
206 226
206 186
226 246
231 251
233 253
218 198
218 298
219 239
219 199
239 259
230 250
230 210
250 270
232 252
232 212
252 272
237 257
257 277
241 261
241 221
261 281
244 264
244 224
264 284
245 265
245 225
265 285
249 269
249 229
269 289
251 271
271 291
254 274
254 234
274 294
259 279
279 299
266 246
266 326
267 287
267 247
287 307
291 311
275 295
275 255
295 315
276 296
276 256
296 316
299 319
284 304
304 324
298 318
318 338
303 323
303 283
323 343
324 344
308 288
308 368
310 330
310 290
330 350
311 331
331 351
314 334
314 294
334 354
329 349
329 309
349 369
333 353
333 313
353 373
338 358
358 378
342 362
342 322
362 382
343 363
363 383
344 364
364 384
347 367
347 327
367 387
350 370
370 390
357 377
357 337
377 397
378 398
359 379
359 339
379 399
366 386
366 346
386 406
387 407
372 392
372 352
392 412
375 395
375 355
395 415
383 403
403 423
406 426
388 408
388 368
408 428
397 417
417 437
402 422
402 382
422 442
404 424
404 384
424 444
405 425
405 385
425 445
426 446
407 427
427 447
428 448
412 432
432 452
413 433
413 393
433 453
415 435
435 455
419 439
419 399
439 459
446 466
448 468
430 450
430 410
450 470
431 451
431 371
451 471
438 458
438 418
458 478
444 464
464 484
463 483
463 443
483 503
484 504
468 488
488 508
472 492
472 452
492 512
476 496
476 456
496 516
482 502
482 462
502 522
487 507
487 467
507 527
493 513
493 473
513 533
522 542
503 523
523 543
514 534
514 494
534 554
516 536
536 556
519 539
519 499
539 559
543 563
532 552
532 512
552 572
556 576
542 562
562 582
563 583
548 568
548 528
568 588
549 569
549 529
569 589
572 592
553 573
553 533
573 593
554 574
574 594
571 591
571 551
591 611
592 612
579 599
579 559
599 619
581 601
581 561
601 621
583 603
603 623
584 604
584 564
604 624
612 632
593 613
613 633
619 639
623 643
624 644
605 625
605 585
625 665
616 636
616 596
636 656
629 649
629 609
649 669
630 650
630 610
650 670
632 652
652 672
637 657
637 617
657 677
639 659
659 679
670 690
677 697
664 684
664 644
684 704
674 694
674 654
694 714
697 717
679 699
699 719
687 707
687 667
707 727
692 712
692 672
712 732
693 713
693 673
713 733
702 722
702 682
722 742
711 731
711 691
731 751
716 736
716 696
736 756
717 737
737 757
742 762
723 743
723 703
743 763
732 752
752 772
763 783
753 773
753 733
773 793
757 777
777 797
765 785
765 745
785 805
797 817
781 801
781 761
801 821
805 825
787 807
787 767
807 827
790 810
790 770
810 850
792 812
792 772
812 832
798 818
798 778
818 838
825 845
827 847
832 852
819 839
819 799
839 859
829 849
829 809
849 869
852 872
837 857
837 817
857 877
846 866
846 826
866 886
847 867
867 887
872 892
865 885
865 845
885 905
887 907
868 888
868 848
888 908
892 912
876 896
876 856
896 936
879 899
879 859
899 919
882 902
882 862
902 922
884 904
884 864
904 924
905 925
908 928
898 918
898 878
918 938
922 942
912 932
932 952
914 934
914 894
934 954
917 897
917 997
926 946
926 906
946 966
928 988
930 950
930 910
950 970
952 992
939 959
939 919
959 979
966 986
970 990
962 982
962 942
982 1000
1000 984
1000 986
1000 989
1000 992
1000 993
1000 995
1000 999
1000 981
1000 985
1000 991
1000 996
1000 998
1000 983
1000 987
1000 988
1000 990
1000 994
1000 997
984 924
989 929
993 913
995 915
999 979
3 23
23 43
8 28
28 48
11 31
31 51
24 4
45 65
65 85
75 95
76 96
85 105
95 115
119 139
103 123
123 143
113 133
113 93
133 153
139 159
143 163
124 144
144 164
127 147
127 107
147 167
153 173
157 177
158 178
164 184
166 186
190 210
171 151
181 201
181 161
201 221
208 228
203 223
203 183
223 243
209 229
209 189
216 236
216 196
236 256
222 242
242 262
224 204
225 205
227 247
253 273
262 282
272 292
273 293
285 305
268 288
268 248
270 290
305 325
315 335
301 321
301 281
321 341
307 327
309 289
312 332
312 292
332 352
313 293
316 336
336 356
322 302
337 317
345 365
345 325
365 385
361 381
361 341
381 401
371 351
401 421
389 409
389 369
409 429
390 410
394 414
394 374
414 434
396 416
396 376
416 436
398 418
423 443
429 449
445 465
455 475
437 457
457 477
441 461
441 421
461 481
442 462
470 490
454 474
454 434
474 494
475 495
456 436
481 501
467 447
471 491
491 511
501 521
485 505
485 465
505 525
495 515
515 535
535 555
527 547
547 567
528 508
537 557
537 517
557 577
538 558
538 518
558 578
544 564
544 524
555 575
575 595
577 597
578 598
561 541
582 602
588 608
589 609
570 590
570 550
590 610
594 614
576 596
602 622
585 565
587 607
587 567
607 627
608 628
598 618
618 638
627 647
628 648
611 631
631 651
614 634
634 654
621 641
641 661
622 642
642 662
647 667
635 655
635 615
655 675
648 668
668 688
661 681
681 701
663 683
663 643
683 703
665 685
685 705
666 686
666 646
686 706
688 708
669 689
689 709
690 710
676 696
676 656
678 698
678 658
698 718
701 741
682 662
719 739
706 726
726 746
708 728
728 748
718 738
738 758
727 747
747 767
751 771
734 754
734 714
754 774
735 755
735 715
755 775
762 782
774 794
775 795
764 784
764 744
784 804
768 788
768 748
788 808
793 813
795 815
776 796
776 756
796 816
782 802
802 822
804 824
808 828
813 833
799 779
828 848
811 831
811 791
831 851
815 835
835 855
824 844
844 864
851 871
833 853
853 873
842 862
842 822
871 891
855 875
875 895
856 836
873 893
893 913
895 915
877 897
878 858
889 909
889 869
909 929
890 910
890 870
891 911
911 931
947 927
947 987
981 861
985 925
991 971
996 976
998 978
1 21
6 26
26 46
13 33
33 53
51 71
71 91
72 92
53 73
73 93
74 94
89 109
91 111
92 112
111 131
112 132
96 116
97 77
109 129
129 149
131 151
114 94
115 135
149 169
132 152
159 179
163 183
174 194
194 214
178 198
179 199
184 204
189 169
214 234
196 176
228 248
243 263
235 255
282 302
277 317
319 339
326 346
335 355
356 376
373 393
354 374
449 469
469 489
453 473
478 498
459 479
479 499
498 518
504 524
486 506
486 466
506 526
521 541
510 530
510 490
530 550
511 531
531 551
517 497
545 565
545 525
595 615
597 617
633 653
646 626
653 673
658 638
671 691
671 651
705 725
709 729
710 730
704 724
724 744
725 745
715 695
739 759
746 766
730 750
750 770
758 778
759 779
766 786
771 791
794 814
786 806
806 826
814 854
816 836
838 858
823 843
823 803
843 983
850 870
854 874
874 894
861 841
886 906
907 927
931 951
951 971
954 994
938 958
958 978
57 77
263 283
477 497
489 509
509 529
526 546
546 566
566 586
586 606
606 626
675 695
741 761
729 749
749 769
769 789
783 803
789 809
821 841
936 956
956 976
