7515
638
1 479
2 57
2 85
3 5
3 558
4 32
4 63
4 982
5 9
5 12
5 17
5 35
5 102
5 115
5 745
6 43
6 148
8 15
8 68
8 554
9 374
10 516
10 573
11 21
11 65
11 808
12 126
12 319
12 547
14 44
14 64
14 595
14 845
14 846
15 644
17 29
17 872
18 22
18 136
18 900
19 145
20 557
20 564
20 899
22 219
22 488
23 440
24 26
24 28
24 34
24 352
24 469
25 253
25 434
26 808
27 82
27 193
27 222
27 944
27 973
28 197
28 586
29 70
30 560
30 635
31 89
31 656
31 742
31 942
32 306
32 563
32 867
33 66
33 247
34 661
35 55
35 603
35 798
35 908
36 291
36 545
37 71
37 418
39 153
39 417
41 474
41 561
42 46
42 72
43 50
45 58
45 267
46 655
47 132
47 607
49 106
49 308
49 551
49 617
50 371
50 453
50 624
50 875
53 273
53 519
55 154
55 305
56 218
56 480
56 598
56 637
57 69
57 73
57 120
57 281
57 522
58 79
60 467
62 105
62 548
63 217
63 225
63 476
63 861
63 917
66 449
68 171
68 415
68 567
69 220
70 145
71 247
71 545
71 688
71 954
72 166
75 182
75 501
75 618
79 141
79 564
81 127
81 465
81 672
81 992
82 94
82 494
82 568
82 576
83 875
84 201
84 317
85 134
85 739
85 978
87 141
88 809
88 925
92 145
94 266
96 732
96 891
97 586
99 232
101 201
101 257
102 987
103 306
103 699
104 293
104 517
105 205
108 439
110 515
110 610
110 799
110 838
115 279
116 764
116 812
116 932
117 162
117 186
117 210
117 919
118 122
118 709
118 864
120 328
121 202
122 175
122 557
122 725
124 960
125 197
126 764
127 810
130 830
130 985
131 354
131 439
131 584
131 625
132 336
132 500
133 366
133 569
134 852
135 472
135 681
136 400
136 485
136 492
138 155
138 896
145 188
145 633
146 286
146 954
150 588
150 637
150 963
153 194
154 851
155 173
156 406
156 480
156 642
158 327
158 381
159 308
159 530
161 448
161 540
162 698
162 757
170 407
170 452
170 855
170 903
171 942
172 179
172 419
172 998
173 288
173 476
173 567
174 183
174 274
175 299
176 258
176 275
177 213
177 956
178 199
178 272
180 655
181 375
181 386
181 876
182 445
182 535
182 722
186 234
188 411
188 527
188 552
188 686
191 592
193 546
195 208
195 385
195 461
195 786
197 899
198 229
198 405
198 538
199 592
200 772
200 802
201 468
202 514
202 846
203 422
203 451
204 853
207 642
207 736
208 333
210 651
210 802
211 845
213 433
213 472
215 363
215 930
216 401
217 663
218 630
220 320
221 342
222 624
222 824
224 260
225 236
232 569
235 582
236 475
237 725
237 785
239 412
240 618
245 718
245 996
246 857
248 459
249 454
249 607
250 252
250 789
253 494
254 352
254 762
254 933
256 262
257 745
258 918
260 735
262 602
262 700
262 850
263 502
263 841
264 642
264 646
266 655
267 339
267 977
268 333
270 605
271 447
271 497
271 618
271 653
271 768
272 552
273 743
274 595
275 506
277 304
277 861
277 933
280 367
280 389
280 395
280 779
281 470
282 638
282 667
282 787
284 288
285 297
285 723
286 866
287 463
287 498
288 523
289 368
289 871
294 675
294 865
295 500
295 818
296 908
296 947
297 305
297 314
297 867
302 429
307 345
307 911
310 452
310 690
313 338
314 370
316 409
316 411
318 585
319 502
321 798
322 634
322 649
323 795
324 523
325 366
325 588
325 608
327 363
328 461
329 338
329 861
332 843
335 533
336 548
337 564
338 737
339 578
341 440
342 510
345 798
348 517
348 788
351 533
351 653
355 671
357 875
361 473
366 969
368 896
369 490
370 612
370 827
371 577
371 704
375 501
377 386
377 504
377 532
377 669
381 467
381 702
385 421
386 954
388 449
388 827
389 631
390 555
390 739
391 547
394 911
396 912
399 464
400 481
400 977
401 532
402 417
409 559
410 466
411 505
412 738
417 542
419 515
420 554
420 582
420 728
425 439
429 612
437 605
438 532
438 847
440 468
442 498
445 670
445 712
448 851
448 925
449 817
450 469
451 987
452 473
454 496
456 510
456 523
458 622
458 949
459 888
463 624
463 642
464 590
465 837
466 583
466 674
467 766
469 704
472 647
473 583
473 590
474 894
476 629
477 510
479 681
481 691
481 830
482 484
482 614
482 668
485 739
490 720
499 920
499 973
500 509
500 598
500 609
500 845
501 604
504 635
505 574
506 702
508 891
514 631
514 941
515 810
516 805
518 918
521 522
522 542
522 571
522 828
523 561
523 732
525 603
530 541
530 622
537 638
537 822
538 657
540 697
546 741
549 693
551 767
555 758
558 964
560 628
568 759
569 874
573 820
574 698
576 766
576 883
578 961
584 998
585 961
590 936
590 943
593 743
600 884
601 694
605 850
608 647
609 926
614 694
616 764
616 968
617 872
625 649
634 857
639 868
639 998
642 916
657 884
657 932
658 720
658 748
660 738
660 823
661 945
662 898
662 932
665 786
667 841
668 817
671 947
672 789
674 803
675 850
677 828
680 864
687 783
687 993
691 811
693 894
694 833
694 901
694 950
697 740
700 938
712 784
712 960
714 739
718 870
720 989
722 761
723 760
732 738
732 927
733 820
735 766
737 966
739 999
742 816
743 772
743 843
745 746
748 756
755 805
755 833
756 811
759 887
761 967
779 886
781 821
781 866
788 933
792 945
795 959
798 943
800 852
805 912
810 936
812 910
814 847
816 997
836 971
836 993
836 999
838 991
846 996
852 888
853 987
859 916
863 982
879 997
890 964
917 975
927 948
938 989
959 997
