8318
633
1 582
2 57
2 968
4 32
4 982
5 9
5 12
5 35
5 102
5 115
5 745
6 43
6 148
8 59
8 68
8 554
9 25
9 374
10 516
10 572
10 573
10 651
11 21
11 65
12 126
12 570
12 741
14 44
14 64
14 845
14 846
17 29
17 872
18 22
18 157
18 429
18 900
19 145
20 557
20 564
20 899
22 219
22 488
23 440
24 26
24 28
24 352
24 469
25 253
25 434
26 39
26 754
27 82
27 222
27 944
27 973
28 197
28 586
29 70
30 572
31 89
31 180
31 656
32 563
32 867
32 951
35 53
35 55
35 382
35 603
37 71
37 418
39 153
39 417
42 46
43 50
46 580
46 655
49 106
49 551
49 617
50 371
50 453
50 624
53 519
53 912
55 154
55 305
55 632
56 218
56 480
56 598
56 637
57 69
57 73
57 120
57 281
57 522
59 461
60 467
61 358
61 708
63 217
63 225
63 476
63 861
63 917
65 200
66 240
66 449
68 415
68 567
69 393
70 145
70 787
71 247
71 688
71 954
72 166
72 476
75 182
75 501
75 618
78 269
78 777
79 141
79 564
81 103
81 465
81 672
81 992
82 494
82 568
82 576
83 663
84 105
84 201
84 317
87 141
88 589
88 809
88 925
90 180
92 145
92 628
94 266
95 181
95 191
95 514
96 416
96 732
96 891
97 586
99 110
100 155
101 201
102 987
103 600
103 699
104 293
104 517
105 205
105 228
105 310
105 384
108 439
110 610
110 799
110 838
112 224
113 154
113 226
115 279
116 764
116 812
116 932
117 162
117 186
117 356
117 441
117 919
118 122
118 709
120 328
120 680
120 989
121 202
121 355
121 477
122 557
124 960
125 197
125 445
126 764
130 830
130 985
131 354
131 439
131 584
131 625
132 336
132 500
133 366
133 569
134 852
134 992
144 911
145 188
145 633
147 221
147 957
150 230
150 588
150 637
150 963
153 194
154 851
155 173
156 406
156 480
156 642
157 764
158 327
158 381
160 385
162 757
167 337
167 822
168 520
170 407
170 452
170 855
170 903
172 179
172 187
172 403
172 419
172 998
173 288
173 476
173 567
174 183
174 274
174 604
176 258
176 275
177 213
177 956
178 272
178 898
180 655
181 876
182 445
182 535
182 722
186 234
186 320
188 411
188 527
188 552
188 686
190 728
195 208
195 385
195 461
195 786
197 255
197 605
197 899
198 229
198 405
200 682
200 772
201 468
202 514
202 846
204 853
206 559
207 642
207 736
208 333
209 214
211 845
211 890
211 971
212 644
213 433
213 472
214 764
215 237
215 363
215 930
216 401
217 663
217 963
218 630
221 342
221 424
222 624
222 734
222 824
224 260
225 236
226 841
227 384
230 442
234 531
235 582
236 475
237 785
237 796
239 412
240 618
245 708
245 718
245 740
246 287
246 857
248 326
248 999
249 367
249 454
250 252
250 789
253 494
253 926
254 352
254 762
254 933
256 262
258 918
260 735
262 602
262 700
262 850
263 841
264 642
264 646
266 424
266 655
267 977
268 333
269 328
270 605
270 882
271 447
271 497
271 618
271 653
271 768
272 552
275 506
276 438
277 304
277 422
277 861
277 933
280 367
280 395
280 779
281 470
284 288
285 297
286 830
286 866
288 523
289 392
289 627
289 871
291 424
294 675
294 865
295 500
295 818
296 947
297 305
299 344
302 426
305 507
310 452
310 690
313 999
315 629
316 409
316 414
316 846
318 585
318 644
321 358
322 634
322 649
323 795
324 523
325 366
325 588
325 608
327 363
328 461
332 843
334 626
335 533
337 564
341 440
343 653
344 754
348 517
348 788
351 533
351 653
356 978
357 393
361 473
364 860
366 969
369 490
370 827
371 377
371 577
371 627
371 704
377 504
377 532
377 669
381 467
381 702
385 421
389 631
390 555
390 739
391 521
394 911
396 912
397 593
397 807
399 464
400 481
400 977
401 532
402 417
402 613
402 783
402 939
403 580
405 838
409 559
410 466
411 505
412 738
416 684
417 954
419 589
420 554
420 582
420 728
424 746
425 439
426 441
431 765
432 622
437 605
438 532
438 847
440 468
441 734
445 670
445 712
446 490
446 593
450 469
450 970
452 473
452 599
452 701
454 496
454 626
456 523
458 601
458 622
458 949
464 590
465 566
465 829
465 837
466 583
466 648
466 674
467 766
469 704
472 647
473 543
473 583
473 590
473 737
476 629
478 967
481 691
481 830
482 484
482 614
482 668
482 673
490 720
492 589
494 677
499 920
499 973
500 509
500 598
500 625
500 845
501 604
506 702
508 891
511 743
514 631
514 941
517 951
518 918
520 788
521 522
522 571
523 561
523 732
525 603
525 758
530 541
530 622
531 549
531 701
531 931
537 638
537 822
543 711
543 868
549 693
551 624
551 767
552 991
555 758
558 964
568 759
569 874
573 779
573 820
576 766
576 883
578 702
583 623
585 756
590 943
593 743
600 884
601 694
605 850
608 647
614 694
617 872
622 993
625 649
632 947
634 857
642 916
642 983
648 827
652 855
653 885
657 884
657 932
658 720
658 748
660 738
660 823
665 786
672 789
674 803
675 850
682 945
691 811
693 760
694 886
694 901
694 950
697 740
708 804
712 784
712 960
714 739
718 870
718 941
720 989
722 761
722 869
732 738
732 927
733 820
735 766
737 966
739 999
743 772
743 843
743 997
745 746
748 756
756 811
759 887
761 967
765 978
767 923
779 886
781 821
781 866
786 886
788 933
792 945
795 959
800 852
804 873
812 910
814 847
838 991
852 888
853 987
859 916
860 899
863 982
879 997
890 964
911 958
917 975
927 948
948 958
959 997
964 974
