7229
638
1 479
2 57
2 85
3 5
3 558
4 32
4 982
5 9
5 12
5 35
5 102
5 115
5 745
6 43
6 148
8 68
8 554
9 25
9 374
10 516
10 573
11 21
11 65
11 808
12 126
12 547
14 44
14 64
14 486
14 595
14 845
14 846
17 29
17 872
18 22
18 136
18 900
19 145
20 557
20 564
20 899
22 219
22 488
23 440
24 26
24 28
24 352
24 469
25 253
25 434
26 39
26 808
27 82
27 193
27 222
27 944
27 973
28 197
28 586
29 70
30 560
30 635
31 89
31 656
31 742
31 942
32 306
32 563
32 951
33 66
33 247
35 55
35 603
35 798
35 908
36 291
36 545
37 71
37 418
39 153
39 417
43 50
46 580
46 655
49 106
49 308
49 551
49 617
50 371
50 453
50 624
50 875
53 273
53 519
55 154
55 305
55 632
56 218
56 480
56 598
56 637
57 69
57 73
57 281
57 522
60 467
63 217
63 225
63 476
63 861
63 917
66 449
68 171
68 415
68 567
69 220
70 145
71 247
71 545
71 688
71 954
75 182
75 501
75 618
79 141
79 564
81 103
81 465
81 672
81 992
82 494
82 568
82 576
83 875
84 105
84 201
84 317
85 134
85 739
85 978
87 141
88 589
88 809
88 925
92 145
96 732
96 891
97 586
99 232
101 201
101 257
103 306
103 699
104 293
104 517
105 205
108 439
110 515
110 610
110 689
110 799
110 838
112 224
112 241
113 154
113 226
115 279
116 764
116 812
116 932
117 162
117 186
117 210
117 441
117 919
118 122
118 709
118 864
120 328
120 680
121 202
122 175
122 557
122 725
124 960
125 197
126 764
130 830
130 985
131 354
131 439
131 584
131 625
132 336
132 500
133 366
133 569
134 852
135 406
135 472
135 681
136 400
136 485
136 492
138 155
138 896
145 188
145 633
146 203
146 286
146 954
150 637
150 963
153 194
154 851
156 480
156 642
158 327
158 381
159 308
159 530
161 448
161 540
162 698
162 757
166 524
170 407
170 452
170 855
170 903
171 942
172 179
172 403
173 288
173 476
173 567
174 183
174 274
175 299
176 258
176 275
177 213
177 956
178 199
178 272
180 655
181 386
181 876
182 445
182 535
182 722
186 234
188 411
188 527
188 552
188 686
191 592
193 546
195 208
195 385
195 461
195 712
195 786
197 899
198 229
198 405
198 538
199 592
200 682
200 772
200 802
201 468
202 514
202 846
203 422
204 853
207 642
207 736
208 333
210 651
210 802
211 845
213 433
213 472
215 363
215 930
216 401
217 663
218 630
220 320
221 342
222 624
222 824
224 260
225 236
226 309
226 841
232 569
234 531
235 582
236 475
237 725
237 785
239 412
240 618
241 596
245 718
246 857
248 459
250 252
250 789
253 494
254 352
254 762
254 933
256 262
257 745
258 918
260 735
262 602
262 700
262 850
263 502
264 642
266 424
266 655
267 339
267 977
268 333
270 605
271 447
271 497
271 618
271 653
271 768
272 552
273 743
274 595
275 506
277 304
277 861
277 933
280 367
280 395
280 779
281 470
282 638
282 667
282 787
284 288
285 297
285 723
286 866
287 463
287 498
288 523
289 368
289 627
289 871
294 675
294 865
295 500
295 818
296 908
297 305
300 467
300 680
302 426
307 345
307 911
308 536
309 387
309 462
310 452
310 690
312 325
312 492
313 338
314 370
314 811
318 644
319 502
319 726
321 798
322 634
322 649
323 795
324 523
325 366
325 608
327 363
328 461
329 338
329 861
332 843
335 533
337 564
338 737
339 578
341 440
342 510
345 798
348 517
348 788
351 533
351 653
355 671
357 875
361 473
366 969
368 896
369 490
370 612
371 377
371 577
371 704
377 386
377 504
377 532
377 669
378 435
378 454
381 467
381 702
385 421
386 954
387 559
390 555
390 739
391 547
394 911
396 912
399 464
400 481
400 977
401 532
402 417
403 580
410 466
411 505
412 738
419 589
420 554
420 582
420 728
424 746
425 439
426 441
429 612
435 846
437 605
438 532
438 847
440 468
442 498
445 670
445 712
446 490
446 593
448 851
448 925
449 817
450 469
452 473
454 496
456 510
456 523
458 622
458 949
459 888
462 964
463 624
463 642
464 596
465 837
466 583
466 674
469 704
472 647
473 543
473 583
473 590
476 629
477 510
479 681
481 691
481 830
482 484
482 614
482 668
485 739
486 836
490 720
492 589
499 920
499 973
500 509
500 598
500 625
500 845
501 604
504 635
506 702
508 891
514 941
515 810
516 805
517 951
518 918
521 522
522 571
522 828
523 561
523 732
524 525
524 726
525 603
530 541
530 622
531 549
536 811
537 638
537 822
538 657
540 697
543 868
546 741
547 753
549 693
551 767
555 758
560 628
568 759
569 874
573 820
574 698
574 853
576 766
576 883
590 943
593 743
600 884
601 694
605 850
608 647
609 689
609 926
614 694
616 764
616 968
617 872
625 649
627 721
632 947
634 857
642 916
644 813
646 753
657 884
657 932
658 720
658 748
660 738
660 823
662 898
662 932
665 786
667 841
668 817
671 947
672 789
674 803
675 850
677 828
680 864
682 945
687 783
687 993
691 811
694 833
694 901
694 950
697 740
700 938
712 784
712 960
714 739
718 870
718 941
720 989
721 764
722 761
723 760
732 738
732 927
733 820
735 766
737 966
739 999
742 816
743 772
743 843
745 746
748 756
755 805
755 833
756 811
759 887
761 967
774 810
774 996
779 886
781 821
781 866
786 886
788 933
792 945
795 959
798 943
800 852
805 912
812 910
813 997
814 847
816 997
836 971
836 993
838 991
846 996
852 888
859 916
863 982
879 997
890 964
917 975
927 948
938 989
959 997
