12726
999
1 479
2 57
2 85
3 5
3 7
3 558
4 32
4 806
4 982
5 9
5 12
5 35
5 102
5 115
5 745
6 43
6 148
6 619
8 59
8 68
8 554
9 25
9 374
10 516
10 573
11 21
11 65
11 808
12 126
12 547
12 570
13 76
14 44
14 64
14 486
14 595
14 845
14 846
15 644
16 30
17 29
17 872
18 22
18 74
18 136
18 900
19 145
19 233
19 729
20 557
20 564
20 899
21 696
22 219
22 330
22 488
23 440
24 26
24 28
24 352
24 469
25 137
25 253
25 311
25 434
26 39
26 265
26 808
27 51
27 82
27 193
27 222
27 944
27 973
28 184
28 197
28 586
29 70
30 560
30 572
30 635
31 89
31 151
31 742
31 942
32 306
32 563
32 867
32 951
33 66
33 247
34 346
34 661
35 38
35 55
35 382
35 603
35 798
35 908
36 169
36 291
36 545
37 71
37 418
38 238
38 587
39 153
39 417
39 905
40 52
40 958
41 474
41 561
42 46
43 50
45 48
45 196
45 267
45 906
46 580
46 655
47 607
49 106
49 308
49 551
49 617
50 371
50 453
50 624
50 875
51 483
53 273
53 519
54 262
55 154
55 305
55 632
56 218
56 480
56 598
56 637
57 69
57 73
57 281
57 522
58 79
59 773
60 467
61 708
62 95
62 548
63 217
63 225
63 476
63 861
63 917
66 449
67 942
68 114
68 171
68 415
68 567
69 220
69 393
70 145
71 247
71 545
71 688
71 954
72 166
75 182
75 444
75 501
75 618
76 774
77 744
78 269
78 777
79 141
79 564
80 202
81 103
81 465
81 672
81 992
82 494
82 568
82 576
82 615
83 436
83 875
84 105
84 201
84 317
85 134
85 383
85 739
86 558
87 141
88 553
88 589
88 809
88 854
88 925
90 180
90 489
91 404
91 884
92 145
93 707
94 266
95 181
96 416
96 732
96 891
97 586
98 331
98 445
98 707
99 232
100 155
101 201
101 257
102 987
103 306
103 699
104 293
104 517
105 205
105 228
105 384
105 398
107 139
107 231
107 259
108 439
109 628
110 515
110 610
110 689
110 799
110 838
111 357
111 413
112 224
112 241
113 154
113 226
115 279
116 764
116 812
116 932
117 162
117 186
117 210
117 356
117 441
117 919
118 122
118 709
118 864
119 135
120 328
120 680
121 202
122 175
122 557
122 724
122 725
123 139
124 960
125 197
125 445
126 764
127 810
128 565
129 144
130 830
130 985
131 354
131 439
131 584
131 625
132 336
132 500
133 366
133 569
134 852
135 406
135 472
135 681
136 400
136 485
136 492
138 155
138 775
138 896
140 422
142 420
143 325
144 654
144 911
145 188
145 633
146 203
146 286
146 606
146 954
147 221
147 957
149 417
149 880
150 637
150 963
152 264
153 194
154 513
154 851
156 480
156 642
157 231
157 764
158 327
158 381
159 308
159 530
160 385
161 448
161 540
162 698
162 757
163 177
163 935
164 340
164 389
164 683
165 700
166 524
167 337
168 520
169 491
170 407
170 452
170 855
170 903
171 692
171 942
172 179
172 187
172 403
172 998
173 288
173 476
173 567
174 183
174 274
175 299
176 258
176 275
177 213
177 794
177 924
177 956
178 199
178 272
180 655
181 375
181 386
181 876
182 445
182 535
182 722
183 858
183 994
184 244
185 203
185 752
186 234
186 909
188 411
188 527
188 552
188 686
189 944
190 728
190 749
191 592
192 761
193 546
194 832
195 208
195 385
195 461
195 786
197 255
197 899
198 229
198 405
198 538
199 592
200 682
200 772
200 802
201 468
202 514
202 771
202 846
203 422
203 451
204 853
206 559
207 642
207 736
208 333
209 214
210 651
210 802
211 529
211 845
212 644
213 433
213 472
214 764
215 363
215 930
216 401
217 663
218 630
220 320
220 765
221 342
221 350
222 624
222 824
223 301
224 260
224 460
225 236
225 290
226 309
226 640
226 841
226 934
227 384
227 976
230 442
230 849
232 569
234 531
235 582
236 475
237 725
237 785
237 796
239 412
240 618
241 596
242 918
243 657
245 708
245 718
246 857
248 326
248 459
249 454
249 607
250 252
250 789
250 840
251 571
253 494
254 352
254 762
254 933
255 895
256 262
257 745
258 918
258 937
259 349
259 539
260 695
260 735
261 799
262 602
262 636
262 700
262 850
263 502
264 380
264 642
264 953
266 424
266 443
266 655
267 339
267 977
268 333
268 750
269 328
270 605
270 882
271 447
271 497
271 618
271 653
271 768
272 552
272 965
273 743
274 595
274 893
275 506
276 438
276 769
276 988
277 304
277 861
277 933
278 521
280 367
280 395
280 779
281 470
281 782
282 638
282 667
282 787
283 945
284 288
284 362
285 297
285 723
286 866
287 463
287 498
288 523
288 641
289 368
289 392
289 627
289 871
292 365
293 679
294 675
294 865
295 500
295 818
295 981
296 706
296 908
297 305
297 376
298 587
299 344
300 467
300 680
301 615
302 426
303 753
307 345
307 911
308 536
309 387
309 462
310 452
310 690
312 325
312 492
313 338
314 370
314 811
315 457
315 629
316 409
316 414
316 846
317 372
318 644
319 502
319 726
320 897
321 358
321 798
322 634
322 649
322 878
323 795
324 523
325 366
325 588
325 608
326 979
327 363
328 461
329 338
329 861
332 778
332 843
334 626
335 533
337 564
338 737
339 578
341 440
342 510
343 653
344 754
345 365
345 666
345 798
347 394
347 604
348 517
348 788
351 533
351 653
353 895
355 671
357 875
359 522
360 477
360 904
361 473
364 860
366 620
366 969
368 896
369 490
369 727
370 612
370 827
371 377
371 577
371 704
373 972
375 507
375 713
377 386
377 504
377 532
377 669
378 435
378 454
379 437
381 467
381 702
385 421
386 954
387 559
388 827
389 534
389 631
390 555
391 547
394 911
396 912
397 593
397 807
399 464
400 481
400 977
401 532
402 417
402 939
403 487
403 580
408 963
410 466
411 505
412 738
413 995
414 643
416 684
419 589
420 554
420 582
420 728
421 512
423 451
424 746
425 439
426 441
427 621
428 868
429 612
430 486
431 730
431 765
432 607
434 581
435 846
437 605
437 656
438 532
438 847
440 468
441 734
442 498
442 986
445 670
445 712
446 490
446 593
448 613
448 851
448 925
449 817
450 469
452 473
452 599
452 701
454 496
454 626
454 834
455 660
456 510
456 523
458 622
458 949
459 888
461 556
461 676
462 831
462 964
463 624
463 642
464 596
465 566
465 650
465 717
465 829
465 837
466 583
466 648
466 674
469 704
471 899
472 647
473 543
473 583
473 590
474 894
475 575
476 629
477 510
478 967
479 681
481 691
481 830
482 484
482 614
482 668
482 673
482 844
485 739
486 836
490 720
490 913
492 526
492 589
493 549
495 660
499 877
499 920
499 973
500 509
500 598
500 625
500 845
502 793
503 946
504 635
504 797
505 719
506 702
508 544
508 891
510 826
511 743
513 839
514 631
514 941
515 810
516 805
517 951
518 918
520 801
521 522
522 542
522 571
522 828
523 561
523 732
524 525
524 726
525 603
525 758
528 559
529 780
530 541
530 622
531 549
531 931
536 811
537 611
537 638
537 822
538 657
540 697
543 711
543 868
546 562
546 741
547 753
549 693
550 571
551 767
553 972
555 758
559 921
560 628
561 955
564 962
565 906
568 759
569 874
573 820
574 698
574 853
576 766
576 883
579 755
583 623
585 961
590 943
591 872
593 743
593 835
593 922
594 743
597 715
598 1000
600 884
601 694
605 850
608 647
609 689
609 825
609 926
613 862
614 621
614 694
614 946
614 990
616 764
616 968
617 872
620 763
625 649
627 721
632 947
633 751
634 857
639 659
639 998
642 916
642 983
644 813
645 884
646 753
652 855
654 961
657 884
657 932
658 720
658 748
659 744
660 738
660 823
661 945
662 898
662 932
664 929
665 786
667 841
668 817
671 947
672 789
674 803
675 850
675 902
676 716
676 801
677 828
678 741
680 864
682 940
682 945
685 834
687 783
687 993
688 914
691 811
694 833
694 901
694 950
697 740
700 938
703 825
705 933
708 804
710 840
710 873
712 784
712 960
714 739
715 823
718 870
718 941
720 989
721 764
722 761
722 869
723 760
731 991
732 738
732 927
733 820
735 766
736 915
737 966
739 999
742 816
743 772
743 843
745 746
747 864
747 984
748 756
751 980
755 805
755 833
756 811
759 887
761 967
765 978
767 923
770 987
772 881
774 810
774 996
776 875
779 886
781 790
781 821
781 866
781 892
786 886
788 933
790 842
791 801
792 945
795 959
798 943
800 852
802 885
805 912
810 936
812 910
813 997
814 847
815 941
816 997
819 958
836 971
836 993
838 991
846 996
848 979
850 970
852 888
856 997
859 916
860 899
863 982
879 997
882 907
889 937
890 964
911 958
915 952
917 975
927 948
928 951
929 931
938 989
959 997
964 974
