8068
564
1 4
2 85
3 348
3 558
3 706
4 32
4 63
4 99
4 530
4 739
4 798
4 982
5 9
5 12
5 35
5 102
5 115
8 59
8 68
8 554
9 117
9 374
10 516
10 573
10 651
11 21
11 65
11 808
12 126
12 547
14 44
14 332
14 845
18 136
18 900
19 145
20 564
20 899
22 41
22 219
22 488
23 440
24 26
24 28
24 352
24 469
26 39
26 484
26 754
26 808
27 82
27 222
27 973
28 197
28 586
29 189
30 71
30 560
31 89
31 188
32 306
32 563
33 66
33 247
33 644
33 861
35 55
35 603
35 718
37 71
37 418
39 153
39 417
39 836
41 561
42 46
42 72
43 50
48 250
48 284
49 106
49 308
49 617
50 371
50 453
50 624
50 898
53 173
53 273
53 519
55 154
55 305
56 218
56 637
57 73
57 88
57 281
59 461
60 467
63 161
63 217
63 225
63 350
63 476
63 861
63 917
64 540
65 610
66 449
68 415
68 567
70 145
71 247
71 688
71 954
72 166
72 174
72 192
72 476
75 501
75 618
81 103
81 672
82 494
82 568
82 576
82 629
83 663
83 875
84 105
84 201
84 317
85 134
85 739
85 978
87 805
88 589
88 809
88 925
92 145
95 181
95 191
96 732
96 891
97 586
97 853
101 201
101 933
103 306
103 699
104 293
104 517
108 125
113 154
113 226
115 279
116 764
116 812
116 932
117 919
118 122
118 254
118 709
118 864
121 691
122 557
122 725
124 960
125 197
125 445
126 764
130 691
130 985
131 354
131 439
131 584
131 625
132 336
132 500
133 366
133 469
134 852
134 992
136 400
136 485
145 188
145 571
145 633
146 203
146 286
148 297
150 230
150 588
150 637
150 963
153 194
154 851
155 173
156 864
158 327
158 624
161 448
161 540
166 524
170 407
170 452
170 903
172 179
172 388
173 288
173 440
173 476
173 567
174 183
176 258
176 275
176 402
177 213
177 794
177 956
178 272
180 557
181 386
181 876
182 329
182 535
182 799
188 411
188 527
188 552
188 686
189 329
189 944
192 761
192 822
195 385
195 461
197 899
198 229
198 405
203 422
203 757
204 853
205 290
208 211
208 333
211 845
211 890
213 433
213 472
215 930
216 439
217 623
217 663
217 963
220 320
220 428
221 342
221 350
221 424
221 578
222 824
224 460
225 236
225 290
225 314
225 513
226 841
230 442
234 531
235 582
236 428
236 475
236 805
237 725
237 785
239 412
240 569
240 618
240 968
242 481
242 918
245 718
246 287
246 857
247 260
247 401
247 941
248 459
248 567
250 252
253 494
253 926
254 295
254 352
254 762
254 933
256 262
262 602
262 850
263 350
264 642
264 646
268 333
270 605
271 447
271 497
271 618
271 653
271 768
272 552
273 743
274 893
275 506
277 304
277 422
277 649
277 861
277 933
280 367
280 395
280 779
281 470
282 667
282 787
283 314
283 945
284 288
285 297
285 551
285 723
286 866
288 523
289 627
291 424
294 675
294 865
295 818
296 706
297 314
297 855
299 344
302 429
305 363
307 345
307 911
308 705
310 690
313 338
314 370
314 531
314 811
318 644
321 798
322 634
322 649
323 795
324 523
325 588
325 608
329 338
329 861
335 533
337 564
338 737
341 440
342 510
344 754
345 365
345 798
347 355
347 658
348 517
348 788
348 930
351 533
351 653
357 875
361 473
365 630
366 969
369 490
370 612
370 827
371 377
371 405
371 577
371 704
377 504
377 669
386 954
387 559
387 912
388 827
390 739
391 547
394 911
396 912
399 464
402 417
402 521
402 783
406 646
410 466
410 728
411 505
411 629
412 738
412 917
419 513
420 554
420 582
421 722
422 893
424 746
425 439
428 544
428 722
428 868
429 612
434 817
437 605
437 656
440 468
445 670
445 712
448 851
448 925
449 817
450 469
452 473
454 496
454 834
458 622
458 949
459 888
460 482
464 590
465 705
465 837
466 583
466 674
467 766
469 704
472 647
473 583
476 629
477 510
481 691
482 614
482 668
485 739
490 720
492 589
492 847
494 677
497 861
499 920
499 973
500 509
500 625
500 845
501 604
508 544
513 646
514 941
516 805
518 918
523 561
523 732
524 525
525 758
530 541
530 622
531 549
537 809
540 697
549 693
551 767
552 991
555 758
560 628
561 627
564 887
568 759
569 874
573 820
576 766
576 883
583 623
590 943
593 743
600 884
601 694
603 800
605 850
605 933
614 755
617 872
625 649
634 857
642 916
657 884
657 932
658 720
658 748
660 738
660 823
663 678
665 786
667 841
674 803
675 850
675 871
678 741
680 864
685 805
685 834
690 917
691 811
694 833
694 886
694 901
694 950
697 740
704 915
705 933
712 784
712 960
714 739
718 870
723 760
732 927
733 820
736 915
737 966
739 999
743 772
748 756
755 805
755 833
756 811
761 967
779 886
781 821
781 866
786 886
788 933
792 945
794 851
795 959
798 943
805 912
805 959
812 910
814 847
836 971
836 993
859 916
863 982
879 997
917 975
927 948
959 997
