6634
559
1 3
1 479
2 57
2 85
2 968
3 5
3 558
4 63
4 982
5 9
5 12
5 17
5 35
5 102
5 115
5 745
8 68
8 554
9 374
10 516
10 573
12 126
12 741
14 44
14 64
14 332
14 486
14 845
14 846
17 29
17 36
17 104
17 872
18 22
18 136
18 900
19 145
20 557
20 564
20 899
21 97
22 219
22 488
23 440
24 26
24 28
24 352
24 469
26 39
27 82
27 222
27 944
27 973
28 197
28 586
29 70
30 635
30 699
31 89
31 180
31 656
31 742
33 66
33 247
35 53
35 55
35 603
35 798
36 291
39 153
39 417
43 50
45 58
45 267
45 399
46 655
49 106
49 551
49 617
50 371
50 453
50 624
50 875
53 273
53 519
55 154
55 305
56 218
56 598
57 73
57 281
57 522
58 79
60 467
63 217
63 225
63 476
63 861
63 917
65 200
66 449
68 415
68 567
70 145
71 247
71 688
71 954
75 182
75 501
75 618
79 564
81 465
81 672
81 992
82 494
82 568
82 576
83 875
84 105
84 201
84 317
85 739
85 978
87 805
88 589
88 809
88 925
92 145
92 628
95 181
95 191
95 318
95 514
96 732
96 891
97 586
99 232
101 201
102 987
104 275
104 293
105 205
105 310
108 125
110 610
110 689
110 799
110 838
115 279
116 764
116 932
117 186
117 210
117 919
118 122
118 709
118 864
121 202
121 355
122 557
122 725
124 960
125 197
125 445
126 764
130 830
130 985
131 354
131 584
131 625
132 336
132 500
133 366
133 569
135 406
135 472
135 681
136 400
136 485
136 492
138 155
138 896
145 188
145 633
146 203
146 286
146 954
148 297
153 194
154 851
155 173
156 642
158 327
158 381
161 448
161 540
166 524
170 407
170 452
170 855
170 903
172 179
172 419
173 288
173 476
173 567
174 183
174 274
174 604
176 258
176 275
177 213
177 956
178 898
180 655
181 386
181 876
182 445
182 535
182 722
186 234
186 320
188 411
188 527
188 552
188 686
195 208
195 385
195 461
195 712
195 786
197 605
197 899
198 229
198 405
200 682
200 772
200 802
200 814
201 468
202 514
202 846
203 422
203 757
204 853
207 642
207 736
208 333
210 651
210 802
211 845
211 890
213 433
213 472
215 363
215 930
216 401
217 663
217 963
218 630
221 342
222 624
222 824
224 260
224 460
224 910
225 236
232 569
235 582
236 475
237 725
237 785
239 412
240 618
245 425
245 718
246 857
248 459
250 252
250 789
253 494
254 352
254 762
254 933
256 262
258 918
262 602
262 850
263 502
263 841
264 642
264 646
267 339
268 333
270 605
271 447
271 497
271 618
271 653
271 768
273 743
275 506
275 563
277 304
277 861
277 933
280 367
280 395
280 779
281 470
282 638
282 667
282 787
284 288
285 297
285 723
286 866
287 463
287 498
288 523
289 368
289 871
294 675
294 865
295 500
295 818
296 916
297 305
299 732
302 429
307 345
307 911
310 452
310 690
313 338
314 370
314 811
318 644
319 502
319 726
321 798
322 634
322 649
323 795
324 523
325 366
325 608
327 363
335 533
337 564
338 737
339 578
341 440
342 510
345 798
348 788
351 533
351 653
357 875
361 473
366 969
368 896
369 490
370 612
371 377
371 577
371 704
377 386
377 504
377 532
377 669
378 435
378 454
381 467
385 421
386 954
387 559
387 912
390 555
390 739
391 521
394 911
396 912
399 464
400 481
401 532
402 417
402 783
405 838
410 466
411 505
412 738
418 846
419 589
420 554
420 582
420 728
429 612
434 817
435 846
437 605
440 468
442 498
445 670
445 712
448 851
448 925
449 817
450 469
452 473
454 496
456 510
456 523
458 601
458 622
458 949
459 888
460 482
463 624
463 642
465 787
465 837
466 583
466 674
467 766
469 704
472 647
473 543
473 583
473 590
473 737
476 629
477 510
479 681
481 691
481 830
482 484
482 614
482 668
485 739
486 836
490 720
492 589
499 920
499 973
500 509
500 598
500 625
500 845
501 604
504 635
508 891
514 941
516 805
518 918
521 522
522 571
522 828
523 561
523 732
524 525
524 726
525 603
530 541
530 622
537 638
537 822
540 697
543 868
549 693
551 624
551 767
552 991
555 758
568 759
569 874
573 820
576 766
576 883
590 943
593 743
600 884
601 694
603 800
605 850
608 647
609 689
609 926
614 694
617 872
625 649
634 857
642 916
657 884
657 932
658 720
658 748
660 738
660 823
665 786
667 841
668 817
672 789
674 803
675 850
677 828
680 864
682 945
691 811
693 760
694 833
694 901
694 950
697 740
712 784
712 960
714 739
718 870
718 941
722 761
723 760
732 738
732 927
733 820
737 966
739 999
742 816
743 772
743 997
745 746
748 756
755 805
755 833
756 811
759 887
761 967
779 886
781 821
781 866
786 886
788 933
792 945
795 959
798 943
800 852
805 912
816 997
836 971
836 993
838 991
852 888
853 987
859 916
863 982
879 997
898 903
917 975
927 948
959 997
