7522
581
1 479
2 57
2 85
3 5
3 558
4 32
4 63
4 982
5 9
5 12
5 35
5 102
5 115
5 745
6 43
6 148
8 59
8 68
8 554
9 25
9 374
10 516
10 572
10 573
10 651
11 21
11 65
11 348
12 126
12 547
12 741
14 44
14 64
14 332
14 486
14 595
14 845
15 19
15 644
17 29
17 36
17 104
17 872
18 22
18 157
18 900
19 145
22 219
22 488
23 440
24 28
24 352
24 469
25 253
25 434
27 82
27 222
27 944
27 973
28 197
28 586
29 70
30 572
31 89
31 180
31 188
31 656
31 942
32 563
35 38
35 53
35 55
35 382
35 603
35 718
35 798
36 291
38 587
39 153
39 417
43 50
46 655
49 106
49 551
49 617
50 371
50 453
50 624
50 875
53 273
53 519
55 154
55 305
55 394
55 632
56 218
57 73
57 281
59 461
60 467
60 840
62 95
62 548
63 217
63 476
63 861
63 917
66 449
68 415
68 567
70 109
70 145
71 247
71 688
71 954
81 103
81 465
81 672
81 992
82 494
82 568
82 576
83 875
84 105
84 201
84 317
85 134
85 383
85 739
85 978
87 805
88 809
88 925
92 145
95 181
95 191
95 514
96 416
96 732
96 891
97 586
99 110
101 201
101 257
102 312
102 987
103 699
104 293
105 205
108 125
109 628
110 152
110 610
110 799
112 224
113 154
113 226
115 279
116 764
116 792
116 812
116 932
117 124
117 919
118 122
118 709
118 864
119 135
121 202
122 557
122 724
122 725
124 960
125 197
125 445
126 764
132 336
132 500
133 366
133 569
134 852
134 992
135 406
135 472
135 681
138 155
138 896
145 188
145 571
145 633
146 203
146 249
146 286
146 954
150 354
150 588
150 963
152 264
153 194
154 513
154 851
156 642
156 864
157 764
157 985
158 327
158 624
161 448
161 540
163 177
166 524
167 337
170 407
170 452
170 855
170 903
172 179
172 419
172 424
172 998
174 183
174 274
177 213
177 794
177 956
178 272
180 655
181 375
181 876
182 445
182 535
182 722
188 411
188 527
188 552
188 686
189 944
195 208
195 385
195 461
195 712
195 786
197 605
198 229
198 405
198 538
201 468
202 514
203 422
203 757
204 853
207 642
207 736
211 845
213 433
213 472
215 268
215 363
215 930
216 401
217 663
218 390
218 630
220 320
220 765
221 342
221 424
222 624
222 824
224 260
226 309
226 841
234 312
235 582
237 725
237 785
239 412
240 569
240 618
242 481
242 918
245 425
245 718
246 287
248 459
249 367
249 454
250 252
250 840
253 494
253 926
254 352
254 762
254 933
256 262
257 745
258 918
260 735
262 602
262 850
263 502
263 841
264 380
264 642
267 339
267 977
270 605
271 447
271 497
271 618
271 653
271 768
272 552
272 965
273 743
274 595
277 304
277 861
277 933
280 367
280 395
280 779
281 470
282 638
282 667
282 787
284 288
285 297
285 723
286 866
287 463
288 523
289 627
289 871
295 500
295 818
296 706
296 947
297 305
297 314
299 732
302 429
309 387
310 452
310 690
312 325
312 492
313 338
314 370
315 475
315 629
317 335
318 644
319 502
319 962
321 798
323 795
324 523
325 366
325 588
325 608
327 363
329 338
329 861
334 442
334 626
337 564
338 737
339 578
341 440
342 510
348 788
351 653
355 671
357 875
360 477
361 473
366 969
369 490
370 612
371 377
371 577
371 704
375 501
375 507
377 504
377 532
377 669
379 437
385 421
387 559
390 555
390 739
391 547
396 912
399 464
400 481
400 977
401 532
402 417
402 521
402 783
410 466
411 505
412 738
416 684
417 954
418 633
420 554
420 582
420 728
424 746
429 612
434 817
437 605
440 468
445 670
445 712
448 851
448 925
449 817
450 469
452 473
454 496
454 626
454 834
458 601
458 622
458 949
459 888
463 624
463 642
464 590
465 837
466 648
466 674
467 766
469 704
472 647
473 543
473 590
476 629
477 510
479 681
481 691
481 794
482 484
482 668
486 836
490 720
492 847
493 549
494 677
496 859
496 865
499 920
499 973
500 509
500 625
500 845
501 604
506 702
508 891
510 826
514 941
516 805
518 918
523 561
523 732
524 525
525 603
525 758
530 541
530 622
537 638
537 822
538 657
540 697
543 711
543 868
547 753
549 693
551 624
551 767
552 991
555 758
558 964
564 962
568 759
569 874
573 820
576 766
576 883
584 998
590 943
593 743
594 743
594 831
600 884
601 694
603 896
605 850
608 647
616 764
616 968
617 872
618 648
627 721
632 947
646 753
657 884
657 932
658 720
658 748
660 738
660 756
660 823
662 898
662 932
665 786
667 841
668 817
671 947
674 803
675 850
680 864
685 805
685 834
693 760
694 833
694 886
694 901
694 950
697 740
702 965
705 933
712 784
712 960
714 739
718 870
718 941
721 764
722 761
722 869
723 760
732 738
732 927
732 942
733 820
735 766
737 966
739 999
743 772
743 997
745 746
748 756
759 887
761 967
765 978
779 886
781 821
781 866
786 886
788 933
795 959
798 943
800 852
805 912
812 910
814 847
836 971
836 993
836 999
852 888
853 987
863 982
879 997
890 964
917 975
927 948
959 997
